3 1
4 1
5 1
6 1
7 1
8 1
9 1
10 1
11 1
12 1
12 2
13 1
13 2
14 1
14 2
15 1
15 2
16 1
16 2
17 1
17 2
18 1
18 2
19 1
20 1
21 1
22 1
23 1
24 1
25 1
26 1
27 1
28 1
29 1
30 1
31 1
32 1
33 1
34 1
35 1
35 3
36 1
36 3
37 1
37 3
38 1
39 3
40 3
41 3
42 3
43 3
45 1
46 1
47 1
48 1
49 1
50 1
50 4
51 1
51 4
52 1
52 4
53 1
53 4
54 4
54 5
55 4
55 5
56 4
56 5
57 4
57 5
58 3
58 4
58 5
59 3
59 4
59 5
60 3
60 4
60 5
61 3
61 4
62 4
62 5
63 4
64 4
64 5
65 4
66 5
67 5
68 5
69 4
70 4
71 4
72 4
73 4
74 4
75 4
76 4
77 4
78 4
79 4
80 4
81 4
82 4
83 4
84 4
85 4
86 4
87 4
88 4
89 4
90 4
91 4
92 4
92 5
93 4
93 5
94 4
94 5
95 4
95 5
96 4
96 5
97 4
98 4
98 5
99 4
99 5
100 4
100 5
100 6
101 4
101 5
102 4
102 5
102 6
103 4
103 5
104 4
104 6
105 4
105 6
106 4
106 6
107 4
107 6
108 4
108 6
109 6
110 6
110 7
111 4
111 6
111 7
112 4
112 6
112 7
113 4
113 6
113 7
114 4
114 6
114 7
115 4
115 6
116 4
116 6
117 4
117 6
117 7
118 4
118 6
118 7
119 4
119 6
119 7
120 4
120 6
120 7
121 4
121 6
121 7
122 4
122 6
122 7
123 4
123 6
123 7
124 4
124 6
124 7
125 4
125 6
125 7
126 4
126 6
126 7
127 4
127 6
127 7
128 4
128 6
128 7
129 4
129 6
129 7
130 4
130 6
130 7
131 4
131 6
131 7
132 4
132 6
132 13
132 14
133 4
133 6
133 13
134 4
134 6
134 14
135 4
135 6
135 14
136 4
137 6
138 6
139 6
139 14
140 6
141 6
143 6
145 6
457 15
473 17
474 17
475 17
476 17
477 15
477 17
478 15
479 17
481 15
482 15
483 15
484 15
485 15
485 17
486 15
486 17
487 15
487 17
488 15
488 17
489 15
489 17
490 15
491 15
491 22
492 15
493 22
494 22
495 22
496 15
496 22
497 15
498 22
499 22
500 22
501 22
502 15
502 22
503 15
504 22
505 22
506 22
507 22
508 22
509 22
510 15
510 22
511 15
511 22
512 15
512 22
513 22
514 22
515 22
516 22
517 22
518 22
519 15
519 22
520 15
520 22
521 15
521 22
522 15
522 22
523 15
523 22
523 25
524 15
524 22
525 22
525 25
526 22
526 25
527 22
528 22
528 25
529 22
529 25
530 22
530 25
531 22
531 25
532 15
532 22
532 25
533 15
533 22
533 25
534 15
534 22
534 25
535 15
535 22
535 25
536 15
536 22
536 25
537 15
537 22
538 22
538 25
539 22
539 25
540 22
540 25
541 22
541 25
542 22
542 25
543 22
543 25
543 27
543 28
543 30
543 31
544 22
544 25
544 27
544 28
544 30
544 31
545 22
545 25
545 27
545 28
545 30
546 22
546 25
546 27
546 28
546 30
547 22
547 25
547 27
547 28
548 22
548 25
548 28
548 30
549 22
549 25
549 28
549 30
550 22
550 25
550 28
550 30
551 22
551 25
551 28
551 30
552 22
552 25
552 28
552 30
553 22
553 25
553 28
553 30
554 22
554 25
554 28
555 22
555 25
555 28
556 22
556 25
556 28
557 22
557 25
558 22
558 25
559 22
559 25
559 28
560 22
560 25
561 22
561 28
562 22
562 25
562 28
563 22
563 25
563 28
564 22
564 25
564 28
565 22
565 25
565 28
566 22
566 25
566 28
567 22
567 25
567 28
568 22
568 25
569 22
569 25
569 28
570 22
570 25
571 22
571 28
572 22
572 28
573 22
573 28
573 30
574 22
574 28
574 30
575 22
575 28
576 22
576 28
577 22
577 28
578 22
578 28
579 22
579 28
579 32
580 22
580 28
580 32
581 22
581 28
581 32
582 22
582 28
582 32
583 22
583 28
583 32
584 22
584 25
584 28
584 32
585 22
585 25
585 28
585 32
586 22
586 25
586 28
586 32
587 22
587 25
587 28
587 32
588 22
588 25
588 28
588 32
588 34
589 22
589 25
589 28
589 32
589 34
590 22
590 25
590 28
590 32
590 34
591 22
591 25
591 28
591 32
591 34
592 22
592 25
592 28
592 32
592 34
593 22
593 25
593 28
593 32
593 34
594 22
594 25
594 28
594 32
595 22
595 25
595 32
595 34
596 22
596 25
596 32
596 34
597 22
597 25
597 32
597 34
598 22
598 25
598 32
598 34
599 22
599 25
599 32
600 22
600 25
601 22
601 34
602 22
602 34
603 22
603 34
604 22
604 34
605 22
605 34
606 22
606 34
607 22
607 25
607 34
608 22
608 25
608 34
609 22
609 25
609 34
610 22
610 28
610 34
611 22
611 28
611 34
612 22
612 28
612 34
613 22
613 28
613 34
614 22
614 28
614 34
614 38
615 22
615 28
615 34
615 38
616 22
616 28
616 34
616 40
617 22
617 28
617 34
617 40
618 22
618 28
618 34
618 40
618 41
619 22
619 28
619 34
619 40
619 41
620 22
620 28
620 34
620 40
620 41
621 22
621 28
621 34
621 40
622 22
622 34
622 40
622 41
623 22
623 34
623 40
623 41
624 22
624 34
624 40
624 41
625 22
625 34
625 40
625 41
626 22
626 34
626 40
626 41
627 22
627 34
627 41
628 22
628 34
628 41
628 44
629 22
629 34
629 41
630 22
630 34
631 22
631 34
632 22
632 34
633 22
634 22
635 22
636 22
637 22
638 22
639 22
640 22
641 22
642 22
643 22
643 40
644 22
644 40
645 22
645 40
645 45
646 22
646 40
646 45
647 22
647 40
647 45
648 22
649 22
650 22
651 22
652 22
653 22
654 22
655 22
656 22
677 47
678 47
914 50
915 50
919 50
920 50
921 50
922 50
923 50
924 50
925 50
926 50
927 50
928 50
929 50
930 50
931 50
932 50
933 50
934 50
935 50
939 50
950 50
951 50
952 50
953 50
963 51
964 51
965 51
966 51
967 51
968 51
969 51
970 51
971 51
972 51
973 51
974 51
975 51
976 51
977 51
978 51
979 51
980 51
981 51
982 51
983 51
1009 52
1010 52
1011 52
1012 52
1017 52
1018 52
1019 52
1020 52
1021 52
1022 52
1023 52
1027 52
1028 52
1029 52
1030 52
1031 52
1032 52
1033 52
1034 52
1035 52
1036 52
1037 52
1038 52
1039 52
1040 52
1041 52
1042 52
1043 52
1044 52
1045 52
1046 52
1047 52
1048 52
1049 52
1050 52
1051 52
1052 52
1053 52
1054 52
1055 52
1056 52
1057 52
1058 52
1059 52
1060 52
1591 53
1592 53
1593 53
1594 53
1595 53
1596 53
1597 53
1598 53
1599 53
1600 53
1607 53
1611 53
1612 53
1613 53
1614 53
1615 53
1618 53
1619 53
1620 53
1621 53
1622 53
1626 53
1627 53
1628 53
1629 53
1630 53
1631 53
1632 53
1633 53
1634 53
1635 53
1636 53
1637 53
1638 53
1639 53
1640 53
1641 53
1642 53
1643 53
1644 53
1645 53
1646 53
1647 53
1648 53
1649 53
1650 53
1651 53
1652 53
1653 53
1654 53
1655 53
1656 53
1657 53
1661 53
1662 53
1663 53
1664 53
1665 53
1666 53
1667 53
1668 53
1669 53
1670 53
1671 53
1672 53
1673 53
1678 53
1679 53
1680 53
1681 53
1682 53
1683 53
1684 53
1685 53
1686 53
1687 53
1688 53
1689 53
1690 53
1691 53
1692 53
1693 53
1694 53
1695 53
1696 53
1697 53
1772 55
1773 55
1774 55
1775 55
1776 55
1777 55
1785 55
1786 55
1787 55
1788 55
1789 55
1790 55
1791 55
1792 55
1793 55
1794 55
1795 55
1796 55
1797 55
1798 55
1799 55
1800 55
1801 55
1802 55
1803 55
1804 55
1805 55
1806 55
1807 55
1808 55
1809 55
1810 55
1811 55
1812 55
1813 55
1814 55
1815 55
1816 55
1817 55
1818 55
1819 55
1820 55
1821 55
1822 55
1823 55
1824 55
1825 55
1826 55
1827 55
1828 55
1829 55
1830 55
1831 55
1832 55
1833 55
1834 55
1835 55
1836 55
1837 55
1838 55
1839 55
1840 55
1841 55
1842 55
1843 55
1844 55
1845 55
1846 55
1847 55
1848 55
1849 55
1850 55
1851 55
1852 55
1853 55
1854 55
1855 55
1856 55
1857 55
1858 55
1859 55
1860 55
1861 55
1862 55
1863 55
1864 55
1865 55
1866 55
1867 55
1868 55
1869 55
1870 55
1871 55
1872 55
1873 55
1874 55
1875 55
1876 55
1877 55
1878 55
1879 55
1880 55
1881 55
1882 55
1883 55
1884 55
1885 55
1886 55
1887 55
1888 55
1889 55
1890 55
1891 55
1892 55
1893 55
1894 55
1895 55
1896 55
1897 55
1898 55
1899 55
1900 55
1901 55
1902 55
1903 55
1904 55
1905 55
1906 55
1907 55
1908 55
1909 55
1910 55
1911 55
1912 55
1913 55
1914 55
1915 55
1916 55
1919 55
1920 55
1921 55
1922 55
1923 55
1924 55
1925 55
1926 55
1927 55
1928 55
1929 55
1930 55
1931 55
1932 55
1933 55
1934 55
1935 55
1936 55
1937 55
1938 55
1939 55
1940 55
1941 55
1942 55
1943 55
1944 55
1945 55
1946 55
1947 55
1948 55
1949 55
1950 55
1951 55
1952 55
1959 55
1960 55
1961 55
1962 55
1963 55
1964 55
1965 55
1966 55
1967 55
1968 55
1969 55
1981 55
1982 55
1983 55
1984 55
1985 55
1986 55
1990 55
1991 55
1992 55
1993 55
1994 55
1995 55
1996 55
1997 55
1998 55
2002 55
2113 56
2126 56
2136 56
2137 56
2217 57
2218 57
2219 57
2220 57
2221 57
2222 57
2223 57
2224 57
2225 57
2226 57
2227 57
2228 57
2229 57
2230 57
2231 57
2235 58
2235 59
2236 58
2236 59
2237 58
2237 59
2238 58
2239 58
2240 58
2241 58
2243 62
2243 63
2243 64
2244 58
2244 62
2244 63
2244 64
2245 58
2245 62
2245 63
2245 64
2246 62
2246 63
2247 63
2247 64
2247 66
2248 63
2249 63
2249 64
2250 58
2250 63
2251 58
2252 63
2253 58
2253 63
2254 58
2254 63
2255 58
2255 63
2256 58
2256 63
2256 65
2257 58
2258 58
2259 58
2260 57
2260 58
2261 57
2261 58
2262 57
2262 58
2263 57
2264 58
2265 58
2265 63
2266 58
2266 63
2267 57
2267 58
2267 63
2268 57
2268 58
2268 63
2269 57
2269 58
2269 63
2270 57
2270 58
2270 63
2271 57
2271 58
2271 63
2272 57
2272 58
2272 63
2273 57
2273 58
2273 63
2273 69
2274 57
2274 58
2274 63
2274 69
2275 57
2275 58
2275 63
2275 69
2276 57
2276 58
2276 63
2276 69
2277 57
2277 58
2277 63
2277 69
2278 57
2278 58
2278 63
2278 69
2279 57
2279 58
2279 63
2279 69
2280 57
2280 58
2280 63
2280 69
2281 57
2281 58
2281 63
2281 69
2282 57
2282 58
2282 63
2282 69
2283 57
2283 58
2283 63
2283 69
2284 57
2284 58
2284 63
2284 69
2285 57
2285 58
2285 63
2285 69
2286 57
2286 58
2286 63
2286 69
2287 57
2287 58
2287 63
2288 57
2288 58
2288 63
2288 69
2289 57
2289 58
2289 63
2290 58
2290 63
2290 69
2291 58
2291 63
2291 69
2292 58
2292 63
2292 69
2293 58
2293 63
2293 69
2293 71
2294 58
2294 63
2294 69
2294 71
2295 58
2295 63
2295 69
2295 71
2296 58
2296 63
2296 69
2296 71
2297 58
2297 63
2297 69
2298 58
2489 73
2495 74
2496 74
2496 75
2497 74
2498 75
2499 73
2499 75
2500 73
2501 75
2502 75
2504 75
2505 75
2506 75
2507 75
2508 73
2508 74
2508 75
2509 73
2510 73
2511 73
2513 73
2513 76
2514 73
2514 76
2515 73
2515 76
2516 73
2516 76
2517 73
2517 76
2518 73
2518 76
2518 77
2519 73
2519 76
2519 77
2520 73
2520 76
2521 73
2521 74
2522 73
2522 74
2522 76
2523 73
2523 74
2523 76
2524 73
2524 74
2524 75
2525 73
2525 74
2525 75
2526 73
2526 74
2526 75
2527 73
2527 74
2527 75
2528 73
2528 74
2528 75
2529 73
2529 74
2529 75
2530 73
2530 74
2531 73
2532 73
2532 74
2533 73
2533 74
2534 73
2534 74
2535 73
2535 74
2535 75
2536 73
2536 74
2536 75
2537 73
2537 74
2537 75
2538 73
2538 74
2538 75
2539 73
2539 74
2539 75
2540 73
2540 74
2540 75
2541 73
2541 74
2541 75
2542 73
2542 74
2542 75
2543 73
2543 74
2544 74
2544 75
2545 74
2545 75
2546 74
2546 75
2547 74
2547 75
2548 74
2548 75
2549 74
2549 75
2550 74
2551 74
2551 75
2552 74
2553 74
2554 74
2555 74
2556 74
2557 74
2558 74
2559 74
2560 74
2561 74
2562 74
2562 75
2563 73
2563 74
2563 75
2563 80
2564 73
2564 74
2564 75
2565 73
2565 74
2565 75
2565 80
2566 73
2566 74
2566 75
2566 80
2567 73
2567 74
2567 75
2567 80
2568 73
2568 74
2568 75
2569 73
2569 74
2569 80
2570 73
2570 74
2570 75
2570 80
2571 73
2571 74
2571 75
2571 80
2572 73
2572 74
2572 75
2573 73
2573 74
2573 80
2574 73
2574 74
2574 80
2575 73
2575 74
2575 80
2576 73
2576 74
2576 80
2577 73
2577 74
2577 75
2577 80
2578 73
2578 74
2578 75
2578 80
2579 73
2579 74
2579 80
2580 73
2580 74
2580 80
2581 73
2581 74
2582 74
2582 80
2583 74
2583 80
2584 74
2584 80
2585 74
2585 80
2586 74
2586 75
2586 80
2587 74
2587 75
2587 80
2588 74
2588 75
2588 80
2589 74
2589 75
2590 74
2590 75
2591 74
2591 75
2592 74
2592 75
2593 74
2593 75
2594 74
2594 75
2594 80
2595 74
2595 80
2596 74
2596 80
2597 74
2597 80
2598 74
2598 80
2599 74
2599 80
2600 74
2600 80
2601 74
2601 80
2602 74
2602 80
2603 74
2603 91
2604 74
2604 91
2605 74
2605 91
2606 74
2606 91
2607 74
2607 91
2608 74
2608 75
2608 91
2609 74
2609 75
2609 80
2610 74
2610 80
2610 91
2611 74
2611 80
2611 91
2612 74
2612 80
2612 91
2613 74
2613 80
2613 91
2614 74
2614 80
2614 91
2615 74
2615 80
2615 91
2616 74
2616 80
2616 91
2617 74
2617 80
2617 91
2618 74
2618 80
2618 91
2619 74
2619 75
2619 80
2619 91
2620 74
2620 75
2620 80
2621 74
2621 75
2621 80
2621 91
2622 74
2622 75
2622 80
2622 91
2623 74
2623 75
2623 80
2623 91
2624 74
2624 75
2624 80
2624 91
2625 74
2625 75
2625 80
2625 91
2626 74
2626 75
2626 80
2627 74
2627 75
2627 80
2627 91
2628 74
2628 75
2628 80
2628 91
2629 74
2629 75
2629 80
2629 91
2629 93
2630 74
2630 75
2630 80
2630 91
2630 93
2631 74
2631 75
2632 74
2632 80
2632 93
2633 74
2633 80
2633 93
2634 74
2634 80
2634 93
2635 74
2635 80
2635 93
2636 74
2638 80
2642 80
3022 95
3023 95
3024 95
3025 95
3026 95
3027 95
3028 95
3029 95
3030 95
3031 95
3032 95
3033 95
3033 96
3034 95
3034 96
3035 95
3035 96
3036 95
3036 96
3037 95
3037 96
3038 95
3038 96
3039 95
3039 96
3040 95
3040 96
3041 95
3041 96
3042 95
3042 96
3043 95
3043 96
3044 95
3044 96
3045 95
3046 97
3047 97
3048 97
3049 97
3050 97
3051 97
3052 97
3053 97
3054 97
3055 97
3056 97
3057 97
3058 97
3059 97
3060 97
3061 97
3062 97
3063 97
3064 97
3065 97
3066 97
3067 97
3068 97
3069 97
3070 97
3071 97
3078 99
3079 99
3080 99
3081 99
3082 99
3083 99
3084 99
3085 99
3086 99
3087 99
3088 99
3089 99
3090 99
3091 99
3092 99
3092 100
3093 99
3093 100
3094 99
3095 100
3096 100
3097 100
3098 100
3104 99
3105 99
3110 100
3111 100
3112 100
3113 100
3114 100
3115 100
3116 100
3117 100
3118 100
3119 100
3119 101
3120 100
3120 101
3121 100
3121 101
3122 100
3122 101
3125 100
3144 100
3147 100
3148 100
3150 100
3151 100
3152 100
3153 100
3154 100
3155 100
3156 100
3157 100
3158 100
3159 100
3161 100
3162 100
3163 100
3164 100
3165 100
3166 100
3169 100
3170 100
3171 100
3172 100
3173 100
3174 100
3175 100
3176 100
3177 100
3178 100
3179 100
3180 100
3181 100
3182 100
3183 100
3184 100
3185 100
3186 100
3187 100
3188 100
3189 100
3190 100
3191 100
3192 100
3193 100
3193 102
3194 100
3194 102
3195 100
3195 102
3196 100
3197 100
3744 110
3745 110
3749 112
3750 112
3751 112
3752 110
3752 112
3753 110
3753 112
3754 110
3754 112
3755 110
3755 116
3756 110
3756 112
3757 110
3757 112
3759 116
3760 116
3761 112
3761 116
3762 112
3763 116
3764 116
3765 116
3766 112
3766 116
3767 112
3767 116
3768 112
3768 116
3769 112
3769 116
3769 121
3770 112
3770 116
3770 121
3771 112
3771 116
3771 121
3772 112
3772 116
3773 112
3773 116
3773 122
3774 112
3774 116
3775 112
3775 116
3775 122
3776 112
3776 116
3777 112
3777 116
3778 112
3779 116
3780 116
3781 110
3781 116
3782 110
3782 116
3783 110
3784 110
3785 110
3786 110
3786 122
3787 122
3787 125
3788 112
3788 122
3789 112
3789 122
3789 125
3790 112
3790 122
3791 112
3791 122
3792 112
3792 122
3793 112
3793 122
3794 112
3794 122
3795 112
3795 122
3796 112
3796 122
3797 112
3797 122
3798 112
3798 122
3799 112
3799 122
3800 112
3800 122
3801 112
3801 122
3802 112
3802 122
3803 112
3803 122
3803 128
3804 112
3804 116
3804 122
3804 128
3805 112
3805 116
3805 122
3805 128
3806 112
3806 116
3806 122
3806 128
3807 112
3807 116
3807 122
3807 128
3808 112
3808 116
3808 122
3808 128
3809 112
3809 116
3809 122
3809 128
3810 112
3810 116
3810 122
3811 112
3811 116
3811 122
3812 112
3812 116
3812 122
3813 112
3813 116
3813 122
3814 112
3814 116
3814 122
3815 112
3815 116
3815 122
3816 112
3816 116
3816 122
3817 112
3817 116
3817 122
3817 131
3818 112
3818 116
3818 122
3818 128
3818 131
3819 112
3819 116
3819 122
3819 128
3820 112
3820 116
3820 122
3820 131
3821 112
3821 116
3821 122
3821 131
3822 112
3822 116
3822 122
3822 128
3822 131
3823 112
3823 116
3823 122
3823 128
3823 131
3823 132
3824 112
3824 116
3824 122
3824 128
3824 131
3825 112
3825 116
3825 122
3825 131
3825 132
3826 112
3826 116
3826 122
3826 131
3826 132
3827 112
3827 116
3827 122
3827 131
3828 112
3828 116
3828 131
3829 112
3829 116
3829 131
3830 112
3830 116
3831 112
3831 131
3832 112
3832 116
3833 112
3833 116
3833 128
3834 112
3834 116
3834 128
3835 112
3835 116
3835 128
3836 112
3836 116
3836 128
3837 112
3837 116
3838 112
3838 116
3839 112
3839 116
3840 112
3840 116
3841 112
3841 116
3842 112
3842 116
3843 112
3843 116
3843 134
3844 112
3844 116
3845 112
3845 116
3846 112
3846 116
3847 112
3847 116
3848 112
3848 116
3849 112
3849 116
3850 112
3850 116
3851 112
3851 116
3852 112
3852 116
3853 112
3853 116
3854 116
3855 116
3856 116
3857 112
3857 116
3858 112
3858 116
3859 112
3860 112
3861 112
3862 112
3862 116
3863 112
3863 116
3864 112
3864 116
3865 112
3865 116
3866 116
3866 138
3867 116
3868 116
3868 138
3869 116
3870 116
3871 116
3871 138
3872 116
3873 116
3884 116
3900 116
4030 139
4063 140
4064 140
4065 140
4066 140
4067 140
4068 140
4069 140
4070 140
4071 140
4072 140
4073 140
4073 143
4074 140
4074 143
4074 145
4075 140
4075 143
4075 145
4076 140
4076 143
4076 145
4076 146
4077 140
4077 143
4077 145
4077 146
4077 147
4078 140
4078 143
4078 145
4079 140
4079 143
4079 146
4079 148
4080 140
4080 143
4080 146
4080 147
4081 140
4081 143
4081 147
4082 143
4082 147
4082 148
4083 143
4083 147
4084 143
4084 148
4085 143
4085 148
4086 143
4086 148
4087 143
4087 148
4088 143
4088 148
4089 143
4089 148
4090 143
4090 148
4091 140
4091 143
4092 140
4092 143
4093 140
4093 143
4094 140
4094 143
4095 140
4095 143
4096 140
4096 143
4097 140
4097 143
4098 140
4099 140
4100 140
4101 140
4102 140
4103 140
4104 140
4105 140
4106 140
4107 140
4107 150
4108 140
4108 150
4109 140
4109 150
4110 140
4111 140
4112 140
4113 140
4114 140
4115 140
4116 140
4117 140
4118 140
4119 140
4120 140
4121 140
4122 140
4123 140
4124 140
4125 140
4126 140
4127 140
4128 140
4129 140
4130 140
4131 140
4132 140
4133 140
4134 140
4135 140
4136 140
4137 140
4138 140
4139 140
4140 140
4141 140
4142 140
4143 140
4144 140
4145 140
4146 140
4147 140
4148 140
4149 140
4150 140
4151 140
4152 140
4153 140
4154 140
4155 140
4156 140
4157 140
4158 140
4159 140
4160 140
4161 140
4162 140
4163 140
4164 140
4165 140
4166 140
4167 140
4168 140
4169 140
4170 140
4171 140
4172 140
4173 140
4174 140
4175 140
4176 140
4177 140
4178 140
4179 140
4180 140
4181 140
4182 140
4183 140
4184 140
4185 140
4186 140
4187 140
4188 140
4189 140
4190 140
4191 140
4192 140
4193 140
4194 140
4195 140
4196 140
4197 140
4198 140
4199 140
4200 140
4201 140
4202 140
4203 140
4203 152
4204 140
4204 152
4205 140
4205 152
4206 140
4206 152
4207 140
4207 152
4208 140
4208 152
4209 140
4209 152
4210 140
4210 152
4211 140
4212 140
4213 140
4214 140
4214 152
4215 140
4215 152
4216 140
4216 152
4217 140
4217 152
4218 140
4219 140
4220 140
4221 140
4222 140
4222 152
4223 140
4223 152
4224 140
4224 152
4225 140
4225 152
4226 140
4226 152
4227 140
4227 152
4228 140
4228 152
4229 140
4229 152
4230 140
4230 152
4231 140
4231 152
4232 140
4232 152
4232 153
4233 140
4233 152
4234 140
4234 153
4235 140
4236 140
4236 152
4237 140
4237 152
4238 140
4239 140
4240 140
4241 140
4242 140
4243 140
4244 140
4245 140
4246 140
4247 140
4248 140
4249 140
4250 140
4251 140
4252 140
4253 140
4254 140
4255 140
4256 140
4257 140
4258 140
4259 140
4260 140
4261 140
4262 140
4263 140
4264 140
4265 140
4266 140
4267 140
4268 140
4269 140
4270 140
4271 140
4272 140
4273 140
4274 140
4275 140
4276 140
4277 140
4278 140
4279 140
4280 140
4281 140
4282 140
4283 140
4284 140
4285 140
4286 140
4287 140
4288 140
4289 140
4290 140
4291 140
4292 140
4293 140
4294 140
4295 140
4296 140
4297 140
4298 140
4299 140
4300 140
4301 140
4302 140
4303 140
4304 140
4305 140
4306 140
4307 140
4308 140
4309 140
4310 140
4311 140
4311 154
4312 140
4312 154
4313 140
4313 154
4314 140
4314 154
4315 140
4315 154
4316 140
4317 140
4319 140
4320 140
4323 140
4336 154
4338 140
4339 140
4342 140
4343 140
4351 140
4352 140
4353 140
4354 140
4366 140
4367 140
4369 159
4369 160
4369 161
4369 162
4370 159
4370 160
4370 161
4370 162
4371 160
4371 161
4371 162
4372 160
4372 161
4372 162
4373 160
4373 161
4373 162
4374 160
4374 161
4374 162
4375 160
4375 161
4375 162
4376 160
4376 161
4377 160
4377 161
4378 160
4378 161
4379 161
4379 162
4380 160
4380 161
4381 140
4381 160
4382 140
4382 161
4383 140
4383 161
4384 140
4384 161
4385 160
4385 161
4386 160
4386 161
4386 166
4387 160
4387 161
4387 166
4388 160
4388 161
4388 166
4389 140
4389 160
4389 161
4390 140
4390 161
4390 166
4391 140
4391 161
4391 162
4392 140
4392 161
4392 162
4393 140
4393 161
4393 166
4394 140
4394 160
4394 161
4394 166
4395 140
4395 160
4395 161
4396 160
4396 161
4396 166
4397 160
4397 161
4397 166
4398 160
4398 161
4399 140
4399 161
4399 166
4400 140
4400 160
4400 161
4401 160
4401 161
4401 166
4402 160
4402 161
4402 166
4403 160
4403 161
4403 166
4404 160
4404 161
4404 166
4405 160
4405 161
4405 166
4406 160
4406 161
4406 166
4407 160
4407 161
4407 166
4408 160
4408 161
4408 166
4409 160
4409 161
4409 166
4410 160
4410 161
4411 160
4411 166
4412 160
4412 166
4413 160
4413 166
4414 160
4414 166
4415 160
4416 160
4417 160
4418 160
4419 160
4420 160
4422 160
4423 160
4426 166
4428 166
4429 166
4430 166
4431 166
4432 166
4433 166
4434 166
4435 166
4439 160
4440 160
4441 160
4443 168
4444 160
4444 168
4445 160
4445 168
4446 160
4447 168
4449 160
4450 160
4450 168
4451 160
4452 160
4452 166
4453 160
4453 166
4454 160
4454 166
4455 160
4455 166
4456 160
4456 166
4457 160
4457 166
4458 160
4458 166
4459 160
4459 166
4460 160
4460 166
4461 160
4461 166
4462 160
4462 166
4463 160
4463 166
4464 160
4464 166
4465 160
4465 166
4466 160
4466 166
4467 160
4468 160
4469 160
4470 160
4471 160
4472 160
4473 160
4481 160
4482 160
4483 160
4484 160
4485 160
4490 160
4491 160
4491 166
4492 160
4492 166
4493 160
4493 166
4494 160
4494 166
4495 160
4495 166
4496 160
4496 166
4497 160
4497 166
4498 160
4498 166
4499 160
4499 166
4500 160
4500 166
4501 160
4501 166
4502 160
4502 166
4503 160
4503 166
4504 160
4504 166
4505 160
4505 166
4506 160
4506 166
4507 160
4508 160
4508 166
4509 160
4509 166
4510 160
4511 160
4512 160
4513 160
4514 160
4515 160
4516 160
4517 160
4517 166
4518 160
4518 166
4519 160
4519 166
4520 160
4520 166
4521 160
4522 160
4523 160
4524 160
4525 160
4526 160
4527 160
4528 160
4529 160
4530 160
4531 160
4531 169
4532 160
4532 169
4533 160
4533 169
4534 160
4534 169
4535 160
4535 169
4536 160
4536 169
4537 160
4537 169
4538 160
4539 169
4540 169
4541 169
4542 169
4543 169
4544 169
4545 169
4546 169
4547 169
4548 169
4549 169
4550 169
4551 169
4552 169
4553 169
4554 169
4555 169
4556 169
4557 169
4558 169
4559 169
4560 169
4561 169
4562 169
4563 169
4564 169
4565 169
4566 169
4567 169
4568 169
4569 169
4570 169
4571 169
4572 169
4573 169
4574 169
4575 169
4576 169
4577 169
4578 169
4579 169
4580 169
4581 169
4582 169
4583 169
4584 169
4585 169
4586 169
4587 169
4588 169
4589 169
4590 169
4591 169
4592 169
4593 169
4594 169
4595 169
4596 169
4597 169
4598 169
4599 169
4600 169
4601 169
4601 172
4602 169
4602 172
4603 169
4603 172
4604 169
4604 172
4605 169
4605 172
4606 169
4607 169
4608 169
4608 172
4609 169
4609 172
4610 169
4610 172
4611 169
4611 172
4612 169
4612 172
4613 169
4613 172
4614 169
4614 172
4615 169
4615 172
4616 169
4616 172
4617 169
4617 172
4618 169
4618 172
4619 169
4619 172
4620 169
4620 172
4621 169
4621 172
4622 169
4622 172
4623 169
4623 172
4624 169
4624 172
4625 169
4625 172
4626 169
4626 172
4627 169
4627 172
4628 169
4628 172
4629 169
4629 172
4630 169
4631 172
4632 172
4633 172
4634 172
4635 172
4636 172
4637 172
4638 172
4649 169
4652 169
4653 169
4654 169
4655 169
4655 172
4656 169
4656 172
4657 169
4657 172
4658 169
4658 172
4659 169
4659 172
4660 169
4660 172
4661 169
4662 172
4663 172
4664 172
4665 172
4666 172
4667 172
4668 172
4669 172
4670 172
4671 172
4672 172
4673 172
4674 172
4675 172
4676 172
4677 172
4678 172
4679 172
4680 172
4681 172
4682 172
4683 172
4684 172
4685 172
4686 172
4687 172
4688 172
4689 172
4690 169
4690 172
4691 169
4692 172
4693 172
4694 172
4695 172
4696 172
4697 172
4698 172
4699 172
4700 172
4701 172
4702 172
4703 172
4704 172
4705 172
4706 172
4707 172
4708 172
4709 172
4710 172
4711 172
4712 172
4713 172
4714 172
4715 172
4716 172
4717 172
4718 172
4719 172
4720 172
4721 172
4722 172
4723 172
4724 172
4744 172
4745 172
4746 172
4747 172
4748 172
4749 172
4750 172
4751 172
4752 172
4753 172
4754 172
4755 172
4756 172
4757 172
4758 172
4759 172
4759 173
4760 172
4761 172
4762 172
4763 172
4764 172
4765 172
4766 172
4767 172
4768 172
4769 172
4770 172
4771 172
4772 172
4773 172
4774 172
4775 172
4776 172
4777 172
4778 172
4779 172
4780 172
4781 172
4782 172
4783 172
4784 172
4785 172
4786 172
4787 172
4788 172
4789 172
4790 172
4791 172
4792 172
4793 172
4794 172
4795 172
4796 172
4797 172
4798 172
4799 172
4800 172
4811 172
4812 172
4813 172
4814 172
4815 172
4816 172
4817 172
4818 172
4819 172
4820 172
4821 172
4822 172
4823 172
4824 172
4825 172
4826 172
4827 172
4828 172
4829 172
4829 176
4830 172
4831 172
4832 172
4833 172
4834 172
4835 172
4836 172
4837 172
4838 172
4839 172
4841 172
4842 172
4843 172
4844 172
4845 172
4846 172
4847 172
4848 172
4849 172
4850 172
4851 172
4852 172
4853 172
4854 172
4855 172
4856 172
4857 172
4858 172
4859 172
4860 172
4861 172
4862 172
4863 172
4864 172
4865 172
4866 172
4866 178
4867 172
4867 178
4868 172
4868 178
4869 172
4869 178
4870 172
4870 178
4871 172
4871 178
4872 172
4872 178
4873 172
4873 178
4874 172
4874 178
4875 172
4875 178
4876 172
4876 178
4877 172
4877 178
4878 172
4878 178
4879 172
4879 178
4880 172
4880 178
4881 172
4881 178
4882 172
4882 178
4883 172
4883 178
4884 172
4884 178
4885 172
4885 178
4886 172
4887 172
4887 178
4888 172
4888 178
4889 172
4889 178
4890 172
4890 178
4891 172
4891 178
4891 180
4892 172
4892 178
4892 180
4893 172
4893 178
4893 180
4894 172
4894 178
4894 180
4895 172
4895 178
4895 180
4896 172
4896 178
4896 180
4897 172
4897 178
4897 180
4898 172
4898 178
4898 180
4899 172
4899 178
4899 180
4900 172
4900 178
4900 180
4901 172
4901 178
4901 180
4902 172
4902 178
4903 172
4903 180
4904 172
4904 178
4904 180
4905 172
4905 178
4905 180
4906 172
4906 178
4906 180
4907 172
4907 178
4907 180
4908 172
4908 178
4908 180
4909 172
4909 178
4909 180
4910 172
4910 178
4910 180
4910 182
4911 172
4911 178
4911 180
4912 172
4912 180
4913 172
4914 172
4915 172
4916 172
4917 172
4918 172
4919 172
4920 172
4921 172
4922 172
4923 172
4924 172
4925 172
4926 172
4927 172
4928 172
4929 172
4930 172
4931 172
4932 172
4933 172
4934 172
4935 172
4936 172
4937 172
4938 172
4939 172
4940 172
4941 172
4942 172
4943 172
4944 172
4945 172
4946 172
4947 172
4948 172
4949 172
4950 172
4951 172
4952 172
4953 172
4954 172
4955 172
4956 172
4957 172
4958 172
4959 172
4960 172
4961 172
4962 172
4963 172
4963 184
4964 172
4964 184
4965 172
4965 184
4966 172
4966 184
4967 172
4967 184
4968 172
4969 172
4970 172
4971 172
4972 172
4973 172
4974 172
4975 172
4976 172
4977 172
4978 172
4979 172
4980 172
4981 172
4982 172
4983 172
4984 172
4985 172
4986 172
4987 172
4988 172
4989 172
4990 172
4991 172
4992 172
4993 172
4994 172
4995 172
4996 172
4997 172
4998 172
4999 172
5000 172
5001 172
5002 172
5003 172
5004 172
5005 172
5006 172
5007 172
5008 172
5009 172
5010 172
5011 172
5012 172
5013 172
5014 172
5016 172
5017 172
5018 172
5019 172
5020 172
5021 172
5022 172
5023 172
5024 172
5025 172
5026 172
5027 172
5028 172
5029 172
5030 172
5031 172
5032 172
5033 172
5034 172
5035 172
5036 172
5037 172
5038 172
5039 172
5040 172
5041 172
5042 172
5043 172
5044 172
5045 172
5046 172
5047 172
5048 172
5049 172
5050 172
5051 172
5052 172
5053 172
5054 172
5055 172
5056 172
5057 172
5060 172
5061 172
5066 172
5067 172
5068 172
5069 172
5070 172
5071 172
5072 172
5073 172
5074 172
5075 172
5076 172
5077 172
5078 172
5079 172
5080 172
5087 172
5088 172
5089 172
5090 172
5091 172
5092 172
5093 172
5094 172
5094 186
5095 172
5095 186
5096 172
5096 186
5097 172
5097 186
5098 172
5099 186
5100 186
5101 186
5102 186
5103 186
5106 186
5107 186
5108 186
5109 186
5110 186
5111 186
5112 186
5113 186
5114 186
5115 186
5116 186
5117 186
5118 186
5119 186
5120 186
5121 186
5122 186
5123 186
5124 186
5125 186
5126 186
5127 186
5128 186
5129 186
5130 186
5131 186
5132 186
5133 186
5134 186
5135 186
5136 186
5137 186
5138 186
5139 186
5140 186
5141 186
5142 186
5143 186
5144 186
5145 186
5146 186
5147 186
5148 186
5149 186
5150 186
5151 186
5152 186
5153 186
5154 186
5155 186
5156 186
5157 186
5158 186
5159 186
5160 186
5161 186
5162 186
5163 186
5164 186
5165 186
5166 186
5167 186
5168 186
5169 186
5170 186
5171 186
5172 186
5173 186
5174 186
5175 186
5176 186
5177 186
5178 186
5179 186
5180 186
5181 186
5182 186
5183 186
5184 186
5185 186
5186 186
5187 186
5188 186
5189 186
5190 186
5191 186
5192 186
5193 186
5194 186
5195 186
5196 186
5197 186
5198 186
5199 186
5200 186
5201 186
5202 186
5203 186
5204 186
5219 186
5220 186
5221 186
5222 186
5223 186
5224 186
5225 186
5226 186
5227 186
5228 186
5229 186
5230 186
5231 186
5232 186
5233 186
5234 186
5235 186
5236 186
5237 186
5238 186
5239 186
5240 186
5241 186
5242 186
5243 186
5244 186
5245 186
5246 186
5247 186
5248 186
5249 186
5250 186
5251 186
5252 186
5253 186
5254 186
5255 186
5256 186
5257 186
5258 186
5259 186
5260 186
5261 186
5262 186
5263 186
5264 186
5265 186
5266 186
5267 186
5268 186
5269 186
5270 186
5271 186
5272 186
5273 186
5274 186
5274 187
5275 186
5276 187
5277 187
5278 187
5279 187
5280 187
5281 187
5284 187
5285 187
5286 187
5300 186
5301 186
5302 186
5303 186
5304 186
5305 186
5306 186
5309 186
5310 186
5311 186
5313 186
5314 186
5315 186
5316 186
5317 186
5318 186
5319 186
5320 186
5321 186
5322 186
5331 189
5332 189
5333 189
5334 189
5335 189
5336 189
5337 189
5338 189
5339 189
5340 189
5341 186
5342 186
5343 186
5344 186
5345 186
5346 186
5349 186
5350 186
5351 186
5352 186
5353 189
5354 189
5355 189
5356 189
5357 189
5358 189
5359 189
5360 189
5361 189
5362 189
5388 189
5389 189
5390 189
5391 189
5392 189
5399 189
5400 189
5401 189
5588 190
5615 190
5616 190
5617 190
5618 190
5619 190
5620 190
5621 190
5958 194
5959 194
5960 194
5961 194
5961 195
5962 194
5962 195
5963 194
5963 195
5964 194
5965 195
5966 195
5967 195
5968 195
5969 195
5970 195
5970 196
5971 195
5972 196
5973 196
5974 196
5975 196
5976 196
5977 196
5978 196
5979 196
5980 196
5982 195
6014 198
6015 198
6016 198
6017 198
6018 198
6019 198
6020 198
6021 198
6022 198
6023 198
6024 198
6024 201
6025 198
6025 201
6026 198
6026 201
6027 198
6027 201
6028 198
6028 201
6029 198
6029 201
6030 198
6030 201
6031 201
6032 201
6033 201
6034 201
6035 201
6036 201
6036 203
6037 201
6037 203
6038 201
6038 203
6039 201
6039 203
6040 201
6040 203
6041 201
6041 203
6042 201
6042 203
6043 201
6043 203
6044 201
6044 203
6045 201
6045 203
6046 201
6046 203
6047 201
6047 203
6048 201
6048 203
6049 198
6049 201
6050 198
6050 201
6051 198
6051 201
6052 198
6053 198
6054 198
6054 203
6055 198
6055 201
6055 203
6056 198
6056 201
6057 198
6057 201
6058 198
6059 201
6060 201
6061 201
6062 201
6063 201
6065 203
6066 201
6066 203
6067 201
6070 201
6071 201
6071 203
6072 201
6072 203
6073 201
6073 203
6074 201
6074 203
6075 201
6075 203
6076 201
6076 203
6077 201
6084 201
6085 201
6086 201
6087 201
6088 201
6089 201
6090 201
6091 201
6092 201
6092 203
6093 201
6093 203
6094 201
6095 203
6096 203
6097 201
6097 203
6098 201
6099 203
6100 203
6101 203
6102 203
6103 203
6104 203
6105 201
6105 203
6106 201
6106 203
6107 201
6107 203
6108 201
6108 203
6109 201
6109 203
6110 201
6110 203
6111 201
6111 203
6112 201
6112 203
6113 201
6113 203
6114 201
6114 203
6115 201
6115 203
6116 201
6116 203
6117 201
6117 203
6118 201
6118 203
6119 201
6119 203
6120 201
6120 203
6121 201
6121 203
6122 201
6122 203
6123 201
6123 203
6124 201
6125 203
6126 203
6127 203
6128 203
6129 203
6130 203
6131 203
6132 203
6133 203
6134 203
6135 203
6136 203
6137 203
6138 203
6139 203
6140 203
6141 203
6142 203
6143 203
6143 204
6144 203
6144 204
6145 203
6145 204
6146 203
6146 204
6147 203
6147 204
6148 203
6148 204
6149 203
6149 204
6150 203
6150 204
6151 203
6151 204
6152 203
6153 204
6154 204
6155 204
6156 204
6157 204
6158 204
6159 204
6160 204
6161 204
6162 204
6163 204
6164 204
6165 204
6193 205
6194 205
6195 205
6197 205
6198 205
6199 205
6201 205
6202 205
6203 205
6204 205
6205 205
6206 205
6207 205
6208 205
6209 205
6210 205
6211 205
6212 205
6213 205
6214 205
6215 205
6216 205
6217 205
6218 205
6219 205
6220 205
6221 205
6222 205
6223 205
6224 205
6225 205
6226 205
6227 205
6228 205
6229 205
6230 205
6231 205
6232 205
6233 205
6234 205
6235 205
6236 205
6237 205
6238 205
6248 205
6249 205
6250 205
6251 205
6280 205
6281 205
6282 205
6283 205
6284 205
6284 206
6285 205
6285 206
6286 205
6286 206
6333 208
6334 208
6335 208
6336 208
6337 208
6338 208
6339 208
6340 208
6341 208
6342 208
6343 208
6344 208
6345 208
6346 208
6347 208
6347 211
6348 208
6348 211
6349 208
6349 211
6350 208
6350 211
6351 208
6351 211
6352 208
6352 211
6353 208
6353 211
6354 208
6354 211
6355 208
6355 211
6356 208
6356 211
6357 208
6357 211
6358 208
6358 211
6359 208
6359 211
6360 208
6360 211
6361 208
6361 211
6362 208
6362 211
6363 208
6363 211
6364 208
6365 208
6366 208
6367 208
6368 208
6369 208
6370 208
6371 208
6372 208
6373 208
6374 208
6375 208
6376 208
6377 208
6500 217
6502 217
6503 217
6504 217
6505 217
6506 217
6507 217
6508 217
6509 217
6509 219
6510 217
6510 219
6511 217
6512 217
6513 217
6514 217
6515 221
6516 219
6517 217
6517 219
6518 217
6518 219
6519 217
6519 219
6519 222
6520 217
6520 219
6521 217
6521 221
6522 217
6522 221
6523 217
6523 221
6524 217
6525 217
6525 221
6526 217
6526 221
6527 217
6528 217
6528 221
6529 217
6529 221
6530 217
6530 221
6530 224
6531 217
6531 219
6531 221
6532 217
6532 219
6532 221
6532 224
6533 217
6533 221
6534 217
6534 219
6534 221
6535 217
6535 219
6535 221
6536 217
6536 219
6536 221
6536 224
6537 217
6537 221
6537 224
6538 217
6538 224
6538 227
6539 217
6539 219
6539 224
6539 227
6540 217
6540 219
6540 224
6540 227
6540 228
6541 217
6541 219
6541 224
6541 227
6541 228
6542 217
6542 219
6542 224
6542 227
6543 217
6543 219
6543 227
6544 217
6544 219
6545 217
6545 219
6545 227
6546 217
6546 219
6546 227
6547 217
6547 219
6548 217
6548 219
6548 227
6549 217
6549 219
6549 227
6550 217
6550 219
6550 227
6551 217
6551 219
6551 224
6551 227
6552 217
6552 219
6552 224
6553 217
6553 219
6553 224
6554 217
6554 219
6554 224
6555 217
6555 219
6555 224
6556 217
6556 219
6556 224
6557 217
6557 219
6557 224
6558 217
6558 219
6558 224
6558 227
6559 217
6559 219
6559 224
6559 227
6560 217
6560 219
6560 224
6560 227
6560 230
6561 217
6561 219
6561 224
6561 227
6562 217
6562 219
6562 224
6562 227
6563 217
6563 219
6563 224
6563 227
6564 217
6564 224
6564 227
6564 230
6565 217
6565 224
6565 227
6565 230
6566 217
6566 224
6566 227
6566 230
6567 217
6567 224
6567 227
6567 230
6568 217
6568 224
6568 227
6569 217
6569 224
6569 227
6570 217
6570 219
6570 224
6570 227
6571 217
6571 219
6572 217
6572 227
6573 217
6573 227
6574 217
6574 227
6575 217
6576 217
6577 217
6578 217
6579 217
6580 217
6581 217
6582 217
6582 219
6583 217
6584 217
6704 237
6711 238
6712 238
6712 239
6713 238
6713 239
6714 238
6715 237
6715 238
6716 237
6716 238
6717 238
6717 239
6718 238
6718 239
6719 238
6719 239
6720 238
6720 239
6721 238
6721 239
6723 238
6728 240
6729 240
6730 240
6731 240
6732 240
6732 241
6733 240
6733 241
6733 242
6734 240
6734 241
6734 242
6735 240
6735 241
6735 242
6736 240
6736 241
6736 242
6737 240
6737 241
6737 242
6738 240
6738 241
6738 242
6739 240
6739 241
6739 242
6740 240
6740 242
6741 240
6741 242
6742 240
6742 242
6743 240
6743 242
6744 240
6744 242
6745 240
6745 241
6745 242
6746 240
6746 241
6746 242
6747 240
6747 241
6748 240
6748 242
6749 240
6749 242
6750 240
6750 242
6751 240
6751 242
6752 240
6752 242
6753 240
6754 240
6755 240
6755 242
6756 240
6756 241
6757 240
6757 241
6758 240
6758 241
6759 240
6759 241
6759 242
6759 247
6760 240
6760 241
6760 242
6760 247
6761 240
6761 241
6761 247
6761 248
6762 240
6762 241
6762 247
6762 248
6763 240
6763 241
6763 242
6763 247
6763 248
6764 240
6764 241
6764 242
6764 247
6764 249
6765 240
6765 241
6765 242
6765 247
6765 249
6766 240
6766 241
6766 242
6766 247
6767 240
6767 241
6767 242
6767 247
6768 240
6768 241
6768 242
6768 247
6769 240
6769 241
6769 242
6769 247
6770 241
6770 242
6770 247
6771 240
6771 241
6771 242
6771 247
6772 240
6772 241
6772 242
6772 247
6773 240
6773 241
6773 242
6773 247
6774 240
6774 241
6774 242
6774 247
6775 240
6775 241
6775 242
6775 247
6776 240
6776 241
6776 242
6776 247
6777 240
6777 241
6777 242
6777 247
6778 240
6778 241
6778 242
6778 247
6779 240
6779 241
6779 242
6779 247
6780 240
6780 241
6780 242
6780 247
6781 240
6781 241
6781 242
6781 247
6782 240
6782 241
6782 242
6783 240
6783 241
6783 247
6784 240
6784 241
6785 240
6785 247
6786 240
6786 247
6787 240
6787 247
6788 240
6788 247
6789 240
6789 252
6790 240
6790 252
6791 240
6791 252
6792 240
6792 252
6792 253
6792 254
6793 240
6793 252
6793 253
6794 240
6794 253
6795 240
6796 240
6802 240
6803 240
6803 252
6805 252
6806 252
6807 241
6808 241
6809 241
6810 252
6811 252
6812 252
6813 252
6814 252
6815 252
6820 252
6824 252
6825 252
6826 252
6827 252
6828 252
6842 252
6920 259
6921 259
6922 259
6923 259
6924 259
6925 259
6926 259
6927 259
6928 259
6947 259
6948 259
6949 259
6950 259
6951 259
6952 259
6953 259
6954 259
6955 259
6956 259
6959 259
6960 259
6961 259
6962 259
6963 259
6964 259
6965 259
6966 259
6967 259
6968 259
6969 259
6970 259
6971 259
6972 259
6973 259
6974 259
6975 259
6976 259
6977 259
6978 259
6979 259
6980 259
6981 259
6985 259
7091 263
7092 263
7093 263
7502 266
7503 266
7504 266
7505 266
7506 266
7507 266
7508 266
7509 266
7510 266
7511 266
7512 266
7513 266
7514 266
7515 266
7516 266
7517 266
7518 266
7519 266
7520 266
7521 266
7525 266
7526 266
7527 266
7527 267
7528 266
7528 267
7529 266
7529 267
7530 266
7530 267
7531 266
7531 267
7532 266
7532 267
7533 266
7533 267
7534 266
7534 267
7535 266
7535 267
7536 266
7536 267
7537 266
7537 267
7538 266
7538 267
7539 266
7539 267
7540 266
7540 267
7541 266
7541 267
7542 266
7542 267
7543 266
7543 267
7544 266
7544 267
7545 266
7545 267
7546 266
7546 267
7547 266
7547 267
7548 266
7548 267
7549 266
7549 267
7550 266
7550 267
7551 266
7551 267
7552 266
7552 267
7553 266
7553 267
7554 266
7554 267
7555 266
7555 267
7556 266
7556 267
7557 266
7557 267
7558 266
7558 267
7559 266
7559 267
7560 266
7560 267
7561 266
7561 267
7562 266
7562 267
7563 266
7563 267
7564 266
7564 267
7565 266
7565 267
7566 266
7566 267
7567 266
7567 267
7568 266
7568 267
7569 266
7569 267
7570 266
7570 267
7571 266
7571 267
7572 266
7572 267
7573 266
7573 267
7574 266
7574 267
7575 266
7575 267
7576 266
7576 267
7577 266
7577 267
7578 266
7578 267
7579 266
7579 267
7580 266
7580 267
7581 266
7581 267
7582 266
7583 266
7584 266
7585 266
7586 266
7587 266
7588 266
7589 266
7590 266
7591 266
7592 266
7593 266
7594 266
8076 269
8077 269
8078 269
8079 269
8080 269
8081 269
8082 269
8083 269
8084 269
8085 269
8086 269
8087 269
8088 269
8089 269
8090 269
8091 269
8092 269
8093 269
8094 269
8095 269
8096 269
8097 269
8098 269
8099 269
8100 269
8101 269
8102 269
8103 269
8104 269
8105 269
8106 269
8107 269
8108 269
8109 269
8110 269
8111 269
8112 269
8113 269
8114 269
8115 269
8116 269
8117 269
8118 269
8119 269
8120 269
8121 269
8122 269
8123 269
8124 269
8125 269
8126 269
8127 269
8128 269
8129 269
8130 269
8131 269
8132 269
8133 269
8134 269
8135 269
8136 269
8137 269
8138 269
8139 269
8140 269
8141 269
8142 269
8143 269
8144 269
8145 269
8146 269
8147 269
8148 269
8149 269
8150 269
8151 269
8151 272
8152 269
8152 272
8153 269
8153 272
8154 269
8154 272
8155 269
8155 272
8156 269
8156 272
8157 269
8157 272
8157 275
8158 269
8158 272
8158 275
8158 276
8159 269
8159 272
8159 275
8159 276
8160 269
8160 272
8160 275
8160 276
8161 269
8161 272
8161 275
8161 276
8162 269
8162 272
8162 276
8163 269
8163 272
8163 276
8163 277
8164 269
8164 272
8164 275
8164 276
8164 277
8165 269
8165 272
8165 275
8165 276
8165 277
8166 269
8166 272
8166 275
8166 276
8166 277
8167 269
8167 272
8167 275
8167 276
8167 277
8168 269
8168 272
8168 275
8168 276
8168 277
8169 269
8169 272
8169 275
8169 276
8169 277
8170 269
8170 272
8170 275
8171 269
8171 276
8171 277
8172 269
8172 276
8172 277
8173 269
8173 276
8173 277
8174 269
8174 276
8174 277
8175 269
8175 276
8175 277
8176 269
8176 276
8176 277
8177 269
8177 276
8177 277
8178 269
8178 276
8178 277
8179 269
8179 276
8179 277
8180 269
8180 276
8180 277
8181 269
8181 276
8181 277
8182 269
8182 276
8182 277
8183 269
8183 276
8183 277
8184 269
8184 276
8184 277
8185 269
8185 276
8185 277
8186 269
8186 276
8186 277
8187 269
8187 276
8187 277
8188 269
8188 272
8188 276
8188 277
8189 269
8189 272
8189 276
8190 269
8190 276
8190 277
8191 269
8191 276
8191 277
8192 269
8192 276
8192 277
8193 269
8193 276
8193 277
8194 269
8194 276
8194 277
8195 269
8195 276
8195 277
8196 269
8196 276
8196 277
8197 269
8197 276
8197 277
8198 269
8198 276
8198 277
8199 269
8199 276
8199 277
8200 269
8200 276
8200 277
8201 269
8201 276
8201 277
8202 269
8202 276
8202 277
8203 269
8203 276
8203 277
8203 280
8204 269
8204 276
8204 277
8204 280
8205 269
8205 276
8205 277
8205 280
8205 281
8206 269
8206 276
8206 277
8206 280
8207 269
8207 276
8208 269
8208 276
8209 269
8209 276
8210 269
8210 276
8210 277
8211 269
8211 276
8212 269
8212 277
8213 269
8213 277
8214 269
8214 277
8215 269
8216 269
8217 269
8218 269
8219 269
8220 269
8221 269
8223 269
8224 269
8224 276
8225 269
8226 269
8227 269
8228 269
8229 269
8230 269
8231 269
8232 269
8233 269
8234 269
8235 269
8237 277
8238 276
8239 276
8240 277
8262 282
8263 282
8265 282
8266 282
8267 282
8268 282
8269 282
8270 282
8271 282
8272 282
8273 282
8274 282
8275 282
8278 282
8280 282
8284 282
8286 282
8287 282
8288 282
8290 282
8294 282
8295 282
8296 282
8297 282
8298 282
8299 282
8300 282
8301 282
8302 282
8303 282
8304 282
8305 282
8306 282
8307 282
8308 282
8309 282
8310 282
8311 282
8312 282
8313 282
8314 282
8315 282
8316 282
8317 282
8318 282
8319 282
8320 282
8321 282
8322 282
8323 282
8323 284
8324 282
8324 284
8325 282
8325 284
8326 282
8326 284
8327 282
8327 284
8328 282
8328 284
8329 282
8329 284
8330 282
8330 284
8331 282
8331 284
8332 282
8332 284
8333 282
8333 284
8336 282
8339 282
8341 282
8342 282
8343 282
8344 282
8345 282
8346 282
8347 282
8348 282
8445 286
8446 286
8447 286
8448 286
8449 286
8450 286
8451 286
8452 286
8453 286
8454 286
8455 286
8456 286
8457 286
8458 286
8459 286
8460 286
8461 286
8462 286
8463 286
8464 286
8465 286
8466 286
8467 286
8468 286
8469 286
8470 286
8471 286
8472 286
8473 286
8474 286
8475 286
8476 286
8477 286
8478 286
8479 286
8480 286
8481 286
8482 286
8483 286
8484 286
8485 286
8486 286
8487 286
8488 286
8489 286
8490 286
8491 286
8492 286
8493 286
8494 286
8495 286
8496 286
8497 286
8498 286
8499 286
8500 286
8501 286
8502 286
8503 286
8504 286
8505 286
8506 286
8507 286
8508 286
8509 286
8510 286
8511 286
8512 286
8513 286
8514 286
8515 286
8516 286
8517 286
8518 286
8519 286
8520 286
8521 286
8522 286
8523 286
8524 286
8525 286
8526 286
8526 289
8527 286
8527 289
8528 286
8529 286
8529 289
8530 286
8530 289
8531 286
8531 289
8532 286
8532 289
8533 286
8533 289
8534 286
8535 286
8536 286
8537 286
8538 286
8539 286
8540 286
8541 286
8541 289
8542 286
8542 289
8543 286
8543 289
8544 286
8544 289
8544 291
8545 286
8545 289
8545 291
8546 286
8546 289
8546 291
8547 286
8547 289
8547 291
8548 286
8548 289
8548 291
8549 286
8549 289
8549 291
8550 286
8550 289
8550 291
8551 286
8551 289
8551 291
8552 286
8552 289
8552 291
8553 286
8553 289
8553 291
8554 286
8554 289
8554 291
8555 286
8555 289
8555 291
8556 286
8556 289
8556 291
8557 286
8557 289
8557 291
8558 286
8558 289
8558 291
8559 286
8559 289
8559 291
8560 286
8560 289
8560 291
8561 286
8561 289
8561 291
8562 286
8562 289
8562 291
8563 286
8563 289
8563 291
8564 286
8564 289
8564 291
8565 286
8565 289
8565 291
8566 286
8566 289
8566 291
8567 286
8567 289
8567 291
8568 286
8568 289
8568 291
8569 286
8569 289
8570 286
8570 289
8571 286
8571 289
8572 286
8572 289
8573 286
8573 289
8574 286
8574 289
8575 286
8575 289
8576 286
8576 289
8577 286
8577 289
8578 286
8578 289
8579 286
8579 289
8580 286
8580 289
8581 286
8581 289
8582 286
8582 289
8583 286
8583 289
8584 286
8584 289
8585 286
8585 289
8586 286
8586 289
8587 286
8587 289
8588 286
8589 286
8590 286
8591 286
8592 286
8592 289
8593 286
8594 286
8595 286
8596 286
8597 286
8598 286
8599 286
8600 286
8600 292
8601 286
8601 292
8602 286
8602 292
8603 286
8603 292
8603 293
8604 286
8604 292
8604 293
8605 286
8605 292
8605 293
8606 286
8606 292
8607 286
8607 293
8608 286
8608 293
8609 286
8609 293
8610 286
8610 293
8611 286
8611 293
8612 286
8613 286
8614 286
8615 286
8616 286
8617 286
8618 286
8619 286
8620 286
8621 286
8622 286
8623 286
8624 286
8625 286
8626 286
8627 286
8628 286
8629 286
8630 286
8631 286
8632 286
8633 286
8634 286
8635 286
8636 286
8637 286
8638 286
8639 286
8640 286
8641 286
8642 286
8643 286
8644 286
8645 286
8646 286
8647 286
8648 286
8649 286
8650 286
8651 286
8652 286
8653 286
8654 286
8655 286
8656 286
8657 286
8658 286
8659 286
8660 286
8661 286
8662 286
8663 286
8664 286
8665 286
8666 286
8667 286
8668 286
8669 286
8670 286
8671 286
8672 286
8673 286
8674 286
8675 286
8676 286
8677 286
8678 286
8679 286
8680 286
8681 286
8682 286
8683 286
8684 286
8685 286
8686 286
8687 286
8688 286
8689 286
8690 286
8691 286
8692 286
8693 286
8694 286
8695 286
8696 286
8697 286
8698 286
8699 286
8700 286
8701 286
8702 286
8703 286
8704 286
8705 286
8706 286
8707 286
8708 286
8709 286
8710 286
8711 286
8712 286
8713 286
8714 286
8715 286
8716 286
8717 286
8718 286
8719 286
8720 286
8721 286
8722 286
8723 286
8724 286
8725 286
8726 286
8727 286
8728 286
8729 286
8730 286
8731 286
8732 286
8733 286
8734 286
8735 286
8736 286
8737 286
8738 286
8740 286
8741 286
8742 286
8743 286
8744 286
8745 286
8746 286
8747 286
8748 286
8754 286
8755 286
8756 286
8872 295
8926 296
9201 297
9202 297
9554 298
9555 298
9556 298
9604 300
9605 300
10127 304
10128 304
10129 304
10130 304
10131 304
10132 304
10133 304
10208 305
10209 305
10210 305
10211 305
10212 305
10213 305
10214 305
10215 305
10216 305
10217 305
10218 305
10219 305
10220 305
10221 305
10222 305
10223 305
10224 305
10225 305
10226 305
10227 305
10228 305
10229 305
10230 305
10231 305
10232 305
10233 305
10234 305
10235 305
10236 305
10237 305
10238 305
10239 305
10240 305
10240 306
10241 305
10241 306
10242 305
10242 306
10243 305
10243 306
10244 305
10244 306
10245 305
10245 306
10246 305
10246 306
10246 308
10247 305
10247 306
10247 308
10248 305
10248 306
10248 308
10249 305
10249 306
10249 308
10250 305
10250 306
10250 308
10251 305
10251 306
10251 308
10252 305
10252 306
10252 308
10253 305
10253 306
10253 308
10254 305
10254 306
10254 308
10255 305
10255 306
10255 308
10256 305
10256 306
10256 308
10257 305
10257 306
10257 308
10258 305
10258 306
10258 308
10259 305
10259 306
10259 308
10260 305
10260 306
10260 308
10261 305
10261 306
10261 308
10262 305
10262 306
10262 308
10263 305
10263 306
10263 308
10264 305
10264 306
10264 308
10265 305
10265 306
10265 308
10266 305
10266 306
10266 308
10267 305
10267 306
10267 308
10268 305
10268 306
10268 308
10269 305
10269 306
10269 308
10270 305
10270 306
10270 308
10271 305
10271 306
10271 308
10272 305
10272 306
10272 308
10273 305
10273 306
10273 308
10274 305
10274 306
10274 308
10275 305
10275 306
10275 308
10276 305
10276 306
10276 308
10277 305
10277 306
10277 308
10278 305
10278 306
10278 308
10279 305
10279 306
10279 308
10280 305
10280 306
10280 308
10281 305
10281 306
10281 308
10282 305
10282 306
10282 308
10283 305
10283 306
10283 308
10284 305
10284 306
10284 308
10285 305
10285 306
10285 308
10286 305
10286 306
10287 306
10287 308
10288 305
10288 306
10288 308
10289 305
10289 306
10289 308
10290 305
10290 306
10290 308
10291 305
10291 306
10291 308
10292 305
10292 306
10293 306
10293 308
10294 306
10294 308
10295 306
10295 308
10296 306
10296 308
10297 306
10297 308
10298 306
10298 308
10299 306
10299 308
10300 306
10300 308
10301 306
10301 308
10302 306
10302 308
10303 306
10303 308
10304 306
10304 308
10305 306
10305 308
10306 306
10306 308
10307 306
10307 308
10308 306
10308 308
10309 306
10309 308
10310 306
10310 308
10311 306
10311 308
10312 306
10312 308
10313 306
10314 306
10315 306
10321 308
10322 308
10323 308
10324 308
10325 308
10325 311
10326 306
10326 308
10326 311
10327 306
10327 308
10328 308
10328 311
10329 308
10329 311
10330 308
10330 311
10331 308
10331 311
10332 308
10332 311
10332 313
10333 308
10333 311
10333 313
10334 308
10334 311
10334 313
10335 308
10335 311
10336 308
10336 313
10337 308
10337 313
10338 308
10338 313
10339 308
10340 308
10341 308
10342 308
10343 308
10344 308
10345 311
10346 306
10346 308
10346 311
10347 306
10347 308
10348 308
10348 311
10349 306
10349 308
10349 311
10350 306
10350 308
10350 311
10351 306
10351 308
10351 311
10352 306
10352 308
10352 311
10353 306
10353 308
10353 311
10354 306
10354 308
10354 311
10355 306
10355 308
10355 311
10356 306
10356 308
10356 311
10357 306
10357 308
10357 311
10358 306
10358 308
10358 311
10359 306
10359 308
10359 311
10360 306
10360 308
10360 311
10361 306
10361 308
10361 311
10362 306
10362 308
10362 311
10363 306
10363 308
10363 311
10364 306
10364 308
10364 311
10365 306
10365 308
10365 311
10366 306
10366 308
10366 311
10367 306
10367 308
10367 311
10368 306
10368 308
10368 311
10369 306
10369 308
10369 311
10370 306
10370 308
10370 311
10371 306
10371 308
10371 311
10372 306
10372 308
10372 311
10373 306
10373 308
10373 311
10374 306
10374 308
10374 311
10375 306
10375 308
10375 311
10376 306
10376 308
10376 311
10377 306
10377 308
10377 311
10378 306
10378 308
10378 311
10379 306
10379 308
10379 311
10380 306
10380 308
10380 311
10381 306
10381 308
10381 311
10382 306
10382 308
10382 311
10383 306
10383 308
10383 311
10384 306
10384 308
10384 311
10385 306
10385 308
10385 311
10386 306
10386 308
10386 311
10387 306
10387 308
10387 311
10388 306
10388 308
10388 311
10389 306
10389 308
10389 311
10390 306
10390 308
10390 311
10391 306
10391 308
10392 306
10392 311
10393 306
10393 311
10394 306
10394 311
10395 306
10396 311
10397 311
10398 311
10399 311
10400 311
10404 311
10406 311
10407 311
10408 311
10540 314
10549 314
10550 314
10639 316
10640 316
10641 316
10642 316
10643 316
10644 316
10663 316
10689 318
10690 316
10690 318
10691 316
10692 316
10692 318
10693 316
10693 318
10694 316
10694 318
10695 316
10696 316
10696 319
10699 318
10700 318
10705 318
10708 316
10709 316
10709 319
10710 316
10710 319
10711 316
10711 318
10711 319
10712 316
10712 318
10713 316
10713 318
10714 318
10715 318
10716 318
10716 319
10717 318
10718 318
10719 318
10720 316
10720 318
10721 316
10721 318
10722 316
10722 318
10723 316
10723 318
10724 316
10724 318
10725 316
10725 318
10726 316
10726 318
10727 316
10727 318
10728 316
10728 318
10729 316
10729 318
10729 319
10730 316
10730 318
10731 318
10731 319
10732 316
10732 318
10732 319
10733 316
10733 318
10733 319
10734 316
10734 318
10735 318
10735 319
10736 318
10736 319
10737 318
10737 319
10738 318
10738 319
10739 318
10739 319
10740 318
10741 318
10742 318
10743 318
10744 318
10745 318
10746 318
10747 318
10748 318
10748 319
10749 318
10749 319
10750 318
10750 319
10751 318
10751 319
10752 318
10752 319
10753 318
10753 319
10754 318
10754 319
10755 318
10755 319
10756 318
10756 319
10757 318
10757 319
10758 318
10758 319
10759 318
10759 319
10760 318
10761 318
10762 318
10763 318
10764 318
10765 318
10766 318
10767 318
10768 318
10769 318
10770 318
10771 318
10772 318
10773 318
10774 318
10781 319
10782 319
10783 319
10784 319
10785 319
10786 319
10787 319
10788 319
10789 319
10790 319
10791 319
10792 319
10793 319
10794 319
10795 319
10796 319
10797 319
10798 319
10799 319
10800 319
10801 319
10802 319
10803 319
10804 319
10805 319
10806 319
10807 319
10808 319
10809 319
10810 319
10811 319
10812 319
10813 319
10814 319
10815 319
10816 319
10817 319
10818 319
10819 319
10820 319
10821 319
10822 319
10823 319
10824 319
10825 319
10826 319
10827 319
10828 319
10829 319
10830 319
10831 319
10832 319
10833 319
10834 319
10835 319
10836 319
10837 319
10838 319
10839 319
10840 319
10860 320
10861 320
10862 320
10863 320
10863 321
10864 320
10865 320
10865 321
10866 320
10866 321
10867 320
10868 320
10868 321
10869 320
10870 320
10870 321
10871 320
10871 321
10872 320
10872 321
10873 320
10873 321
10874 320
10875 321
10876 321
10877 321
10878 321
10879 321
10880 321
10881 320
10881 321
10882 320
10882 321
10883 320
10883 321
10884 320
10884 321
10885 320
10885 321
10886 320
10886 321
10887 320
10887 321
10888 320
10888 321
10889 320
10889 321
10890 320
10890 321
10891 320
10891 321
10892 320
10892 321
10893 320
10893 321
10894 320
10894 321
10895 320
10895 321
10896 320
10896 321
10897 320
10898 320
10899 320
10900 320
10901 320
10902 320
10903 320
10904 320
10905 320
10906 320
10906 321
10907 320
10908 320
10909 320
10909 321
10910 320
10910 321
10911 320
10911 321
10912 320
10912 321
10913 320
10913 321
10914 320
10914 321
10915 320
10915 321
10916 320
10916 321
10917 320
10917 321
10918 320
10918 321
10919 320
10919 321
10920 320
10921 320
10921 321
10922 320
10922 321
10923 320
10923 321
10924 320
10924 321
10924 322
10925 320
10925 321
10925 322
10926 320
10926 321
10926 322
10927 320
10927 321
10927 322
10928 320
10928 321
10928 322
10929 320
10929 321
10929 322
10930 320
10930 321
10930 322
10931 320
10931 321
10932 320
10932 321
10933 320
10933 321
10934 320
10935 320
10936 320
10937 320
10938 320
10939 320
10940 320
10941 320
10941 321
10942 320
10942 321
10943 320
10943 321
10944 320
10944 321
10945 320
10945 321
10946 320
10946 321
10947 320
10947 321
10948 320
10948 321
10948 325
10949 320
10949 321
10949 325
10950 320
10950 321
10950 325
10951 320
10951 321
10952 320
10952 325
10953 320
10953 325
10954 320
10954 325
10955 320
10955 325
10956 320
10956 325
10957 320
10957 321
10957 325
10958 320
10958 321
10958 325
10960 320
10961 320
11091 326
11092 326
11093 326
11138 328
11143 329
11145 329
11146 329
11147 329
11148 329
11149 329
11150 329
11151 329
11152 329
11153 329
11154 329
11155 329
11156 329
11157 329
11158 329
11159 329
11160 329
11161 329
11162 329
11163 329
11164 329
11165 329
11166 329
11167 329
11168 329
11169 329
11170 329
11171 329
11172 329
11173 329
11174 329
11175 329
11176 329
11177 329
11178 329
11179 329
11180 329
11181 329
11182 329
11183 329
11184 329
11185 329
11186 329
11187 329
11188 329
11189 329
11190 329
11191 329
11192 329
11193 329
11194 329
11195 329
11196 329
11197 329
11198 329
11199 329
11200 329
11201 329
11202 329
11203 329
11204 329
11205 329
11206 329
11207 329
11208 329
11209 329
11210 329
11211 329
11212 329
11213 329
11214 329
11215 329
11216 329
11217 329
11218 329
11219 329
11220 329
11221 329
11222 329
11223 329
11224 329
11225 329
11281 335
11282 335
11283 335
11284 335
11285 335
11286 335
11287 335
11288 335
11289 335
11290 335
11291 335
11292 335
11293 335
11294 335
11295 335
11296 335
11297 335
11298 335
11298 337
11299 335
11300 335
11327 337
11328 337
11329 337
11330 337
11331 337
11332 337
11333 337
11341 337
11342 337
11343 337
11344 337
11345 337
11361 337
11362 337
11363 337
11364 337
11365 337
11366 337
11367 337
11368 337
11369 337
11370 337
11371 337
11372 337
11373 337
11374 337
11375 337
11376 337
11377 337
11378 337
11379 337
11380 337
11381 337
11382 337
11383 337
11384 337
11385 337
11386 337
11387 337
11388 337
11389 337
11390 337
11391 337
11392 337
11393 337
11394 337
11395 337
11396 337
11397 337
11398 337
11399 337
11400 337
11401 337
11423 337
11424 337
11424 340
11425 337
11425 340
11426 337
11426 340
11427 337
11427 340
11428 337
11428 340
11428 342
11429 337
11429 340
11429 342
11430 337
11430 340
11430 342
11431 337
11431 340
11432 337
11432 340
11432 342
11433 337
11433 340
11433 342
11434 337
11434 340
11434 342
11435 337
11435 340
11436 337
11436 342
11437 337
11437 342
11438 337
11438 342
11439 337
11439 340
11439 342
11440 337
11441 337
11441 342
11442 337
11443 337
11444 337
11445 337
11445 342
11446 337
11446 342
11447 337
11448 337
11449 337
11450 337
11451 337
11452 337
11453 337
11454 337
11455 337
11456 337
11457 337
11458 337
11459 337
11460 337
11461 337
11462 337
11463 337
11464 337
11465 337
11465 342
11466 337
11466 342
11467 337
11468 337
11469 337
11470 337
11471 337
11472 337
11486 342
11487 342
11708 346
11709 346
11710 346
11711 346
11712 346
11713 346
11714 346
11715 346
11716 346
11717 346
11718 346
11719 346
11720 346
11724 347
11725 347
11726 347
11727 347
11728 347
11729 347
11730 346
11730 347
11731 346
11731 347
11732 346
11732 347
11733 346
11733 347
11734 346
11734 347
11735 346
11735 347
11736 346
11736 347
11737 346
11738 347
11739 347
11740 347
11741 347
11741 351
11742 347
11742 351
11743 347
11744 346
11744 347
11745 346
11745 347
11746 346
11746 347
11747 346
11747 347
11748 346
11748 347
11749 346
11749 347
11749 351
11750 346
11750 347
11750 351
11751 346
11751 347
11751 351
11752 346
11752 347
11753 346
11753 347
11754 346
11754 347
11755 346
11756 347
11757 347
11758 347
11758 351
11759 346
11759 347
11759 351
11760 346
11760 347
11760 351
11761 347
11761 351
11762 347
11762 351
11763 347
11763 352
11764 347
11764 352
11765 346
11765 347
11765 352
11766 346
11766 347
11766 352
11767 346
11767 347
11767 352
11768 346
11768 347
11768 352
11769 346
11769 347
11769 352
11770 346
11770 347
11770 352
11771 346
11771 347
11771 352
11772 346
11772 347
11772 352
11773 346
11773 347
11773 352
11774 346
11774 347
11774 352
11775 346
11775 347
11775 352
11776 346
11776 347
11777 347
11777 352
11778 347
11779 347
11780 347
11781 347
11782 347
12355 355
12356 355
12357 355
12358 355
12360 355
12361 355
12362 355
12368 355
12369 355
12370 355
12371 355
12372 355
12373 355
12374 355
12375 355
12376 355
12377 355
12378 355
12379 355
12380 355
12381 355
12382 355
12383 355
12384 355
12385 355
12386 355
12387 355
12388 355
12389 355
12390 355
12391 355
12392 355
12393 355
12394 355
12395 355
12396 355
12397 355
12398 355
12399 355
12400 355
12401 355
12402 355
12403 355
12404 355
12405 355
12406 355
12407 355
12408 355
12409 355
12410 355
12411 355
12412 355
12413 355
12414 355
12415 355
12416 355
12417 355
12418 355
12419 355
12420 355
12421 355
12422 355
12424 355
12425 355
12426 355
12427 355
12428 355
12429 355
12430 355
12431 355
12432 355
12433 355
12434 355
12435 355
12436 355
12437 355
12441 355
12442 355
12443 355
12444 355
12445 355
12446 355
12447 355
12448 355
12448 356
12449 355
12450 356
12451 356
12452 356
12453 356
12454 356
12477 355
12478 355
12479 355
12480 355
12481 355
12482 355
12484 356
12487 356
12488 356
12492 355
12493 355
12495 355
12496 355
12497 355
12497 356
12498 355
12498 356
12499 355
12499 356
12500 355
12501 355
12502 355
12504 355
12505 355
12506 355
12511 355
12512 355
12513 355
12514 355
12515 355
12516 355
12517 355
12518 355
12519 355
12520 355
12521 355
12522 355
12522 356
12523 355
12523 356
12524 355
12524 356
12525 355
12525 356
12526 355
12526 356
12527 355
12527 356
12528 355
12528 356
12529 355
12529 356
12530 355
12530 356
12531 355
12531 356
12532 355
12532 356
12533 355
12533 356
12534 355
12534 356
12535 355
12535 356
12536 355
12536 356
12537 355
12537 356
12538 355
12538 356
12539 355
12539 356
12540 355
12540 356
12541 355
12542 356
12543 356
12544 355
12544 356
12545 355
12545 356
12545 357
12546 355
12546 356
12546 357
12547 355
12547 356
12548 355
12548 357
12549 355
12549 357
12550 355
12550 357
12551 355
12551 357
12552 355
12552 357
12553 355
12553 357
12554 355
12554 357
12555 355
12555 357
12556 355
12556 357
12557 355
12557 357
12558 355
12558 357
12559 355
12559 357
12560 355
12560 357
12561 355
12561 357
12562 355
12562 357
12563 355
12563 356
12563 357
12564 355
12564 356
12564 357
12565 355
12565 356
12565 357
12566 355
12566 356
12566 357
12567 355
12567 356
12567 357
12568 355
12568 356
12568 357
12569 355
12569 356
12569 357
12570 355
12570 356
12570 357
12571 355
12571 356
12571 357
12572 355
12572 356
12572 357
12573 355
12573 356
12573 357
12574 355
12574 356
12574 357
12575 355
12575 356
12575 357
12576 355
12576 356
12576 357
12577 355
12577 356
12577 357
12578 355
12578 356
12578 357
12579 355
12579 356
12579 357
12580 355
12580 356
12580 357
12581 355
12581 356
12582 355
12582 357
12583 355
12583 357
12584 355
12584 357
12585 355
12626 358
12627 358
12628 358
12629 358
12630 358
12631 358
12632 358
12633 358
12634 358
12635 358
12636 358
12637 358
12638 358
12639 358
12640 358
12641 358
12642 358
12643 358
12644 358
12645 358
12646 358
12647 358
12648 358
12649 358
12650 358
12651 358
12652 358
12653 358
12655 358
13094 361
13095 361
13096 361
13097 361
13098 361
13099 361
13100 361
13101 361
13102 361
13103 361
13104 361
13105 361
13106 361
13107 361
13108 361
13109 361
13110 361
13111 361
13113 361
13114 361
13115 361
13116 361
13133 361
13134 361
13138 361
13139 361
13143 361
13144 361
13145 361
13146 361
13147 361
14634 364
14635 364
14636 364
14637 364
14638 364
14639 364
14640 364
14641 364
14642 364
14643 364
14644 364
14645 364
14646 364
14647 364
14648 364
14649 364
14650 364
14651 364
14652 364
14653 364
14654 364
14655 364
14656 364
14657 364
14658 364
14659 364
14660 364
14661 364
14662 364
14663 364
14664 364
14665 364
14666 364
14667 364
14668 364
14669 364
14670 364
14671 364
14672 364
14673 364
14674 364
14675 364
14676 364
14677 364
14678 364
14679 364
14680 364
14681 364
14682 364
14683 364
14684 364
14685 364
14686 364
14687 364
14688 364
14689 364
14690 364
14691 364
14692 364
14693 364
14694 364
14695 364
14696 364
14697 364
14698 364
14699 364
14700 364
14701 364
14702 364
14703 364
14704 364
14705 364
14706 364
14707 364
14708 364
14709 364
14710 364
14711 364
14712 364
14713 364
14714 364
14715 364
14716 364
14717 364
14718 364
14719 364
14720 364
14721 364
14722 364
14723 364
14724 364
14725 364
14726 364
14727 364
14728 364
14729 364
14730 364
14731 364
14732 364
14733 364
14734 364
14735 364
14736 364
14737 364
14738 364
14739 364
14740 364
14741 364
14742 364
14743 364
14744 364
14745 364
14746 364
14747 364
14748 364
14749 364
14750 364
14751 364
14752 364
14753 364
14754 364
14755 364
14756 364
14757 364
14758 364
14759 364
14760 364
14761 364
14762 364
14763 364
14764 364
14765 364
14766 364
14767 364
14768 364
14769 364
14770 364
14771 364
14772 364
14773 364
14774 364
14775 364
14776 364
14777 364
14778 364
14779 364
14780 364
14781 364
14782 364
14783 364
14784 364
14785 364
14786 364
14787 364
14788 364
14789 364
14790 364
14791 364
14792 364
14793 364
14794 364
14795 364
14796 364
14797 364
14798 364
14799 364
14800 364
14801 364
14802 364
14803 364
14804 364
14805 364
14806 364
14807 364
14808 364
14809 364
14810 364
14811 364
14812 364
14813 364
14814 364
14815 364
14816 364
14817 364
14818 364
14819 364
14820 364
14821 364
14822 364
14823 364
14824 364
14825 364
14826 364
14827 364
14828 364
14829 364
14830 364
14831 364
14832 364
14833 364
14834 364
14835 364
14836 364
14837 364
14838 364
14839 364
14840 364
14841 364
14842 364
14843 364
14844 364
14845 364
14846 364
14847 364
14848 364
14849 364
14850 364
14851 364
14852 364
14853 364
14854 364
14855 364
14856 364
14857 364
14858 364
14859 364
14860 364
14861 364
14862 364
14863 364
14864 364
14865 364
14866 364
14867 364
14868 364
14869 364
14870 364
14871 364
14872 364
14873 364
14874 364
14875 364
14876 364
14877 364
14878 364
14879 364
14880 364
14881 364
14882 364
14883 364
14884 364
14885 364
14886 364
14887 364
14888 364
14889 364
14890 364
14891 364
14892 364
14893 364
14894 364
14895 364
14896 364
14897 364
14898 364
14899 364
14900 364
14901 364
14902 364
14903 364
14904 364
14905 364
14906 364
14907 364
14908 364
14909 364
14910 364
14911 364
14912 364
14913 364
14914 364
14915 364
14916 364
14917 364
14918 364
14919 364
14920 364
14921 364
14922 364
14923 364
14924 364
14925 364
14926 364
14927 364
14928 364
14929 364
14930 364
14931 364
14932 364
14933 364
14934 364
14935 364
14936 364
14937 364
14938 364
14939 364
14940 364
14941 364
14942 364
14943 364
14944 364
14945 364
14946 364
14947 364
14948 364
14949 364
14950 364
14951 364
14952 364
14953 364
14954 364
14955 364
14956 364
14957 364
14958 364
14959 364
14960 364
14961 364
14962 364
14963 364
14964 364
14964 365
14965 364
14965 365
14966 364
14966 365
14967 364
14968 364
14969 364
14970 364
14971 364
14972 364
14973 364
14974 364
14975 364
14976 364
14977 364
14978 364
14979 364
14980 364
14981 364
14982 364
14983 364
14984 364
14985 364
14986 364
14987 364
14988 364
14989 364
14990 364
14991 364
14992 364
14993 364
14993 365
14994 364
14995 364
14995 365
14996 364
14996 365
14997 364
14997 365
14998 364
14999 364
15000 364
15001 364
15002 364
15003 364
15004 364
15005 364
15006 364
15007 364
15008 364
15009 364
15010 364
15011 364
15012 364
15013 364
15014 364
15015 364
15016 364
15017 364
15018 364
15019 364
15020 364
15021 364
15022 364
15023 364
15024 364
15025 364
15026 364
15027 364
15028 364
15029 364
15030 364
15031 364
15032 364
15033 364
15034 364
15035 364
15036 364
15037 364
15038 364
15039 364
15040 364
15041 364
15042 364
15043 364
15044 364
15044 367
15045 364
15046 364
15047 364
15048 364
15048 368
15049 364
15050 364
15050 368
15051 364
15052 364
15053 364
15054 364
15055 364
15056 364
15057 364
15058 364
15066 368
15069 368
15125 370
15126 370
15127 370
15128 370
15129 370
15130 370
15278 373
15278 374
15279 373
15280 373
15281 373
15282 373
15283 373
15284 373
15285 373
15286 373
15287 373
15288 373
15384 375
15385 375
15386 375
15387 375
15388 375
15389 375
15393 375
15394 375
15395 375
15396 375
15397 375
15399 375
15425 375
15426 375
15427 375
15428 375
15429 375
15430 375
15431 375
15432 375
15433 375
15435 375
15438 375
15439 375
15440 375
15441 375
15442 375
15443 375
15558 376
15559 376
15560 376
15561 376
15562 376
15563 376
15564 376
15565 376
15566 376
15728 377
15729 377
15730 377
15731 377
15732 377
15733 377
15734 377
15735 377
15736 377
15737 377
15738 377
15739 377
15740 377
15741 377
15742 377
15743 377
15744 377
15745 377
15746 377
15747 377
15748 377
15749 377
15750 377
15751 377
15752 377
15753 377
15754 377
15755 377
15756 377
15757 377
15758 377
15759 377
15760 377
15761 377
15762 377
15763 377
15764 377
15765 377
15766 377
15767 377
15768 377
15769 377
15770 377
15771 377
15772 377
15773 377
15774 377
15775 377
15776 377
15777 377
15778 377
15779 377
15780 377
15781 377
15782 377
15783 377
15784 377
15785 377
15786 377
15787 377
15788 377
15789 377
15790 377
15791 377
15792 377
15793 377
15794 377
15795 377
15796 377
15797 377
15798 377
15799 377
15800 377
15801 377
15802 377
15803 377
15804 377
15805 377
15806 377
15807 377
15808 377
15809 377
15810 377
15811 377
15812 377
15813 377
15814 377
15815 377
15816 377
15817 377
15818 377
15819 377
15820 377
15821 377
15822 377
15823 377
15824 377
15825 377
15826 377
15827 377
15828 377
15829 377
15830 377
15831 377
15832 377
15833 377
15834 377
15835 377
15836 377
15837 377
15838 377
15839 377
15840 377
15841 377
15842 377
15843 377
15844 377
15845 377
15846 377
15847 377
15848 377
15861 378
15862 378
15863 378
15864 378
15865 378
16015 380
16016 380
16017 380
16533 381
16534 381
16535 381
16536 381
16537 381
16538 381
16539 381
16545 382
16559 382
16568 382
16569 382
16570 382
16571 383
16572 383
16573 383
16574 383
16575 383
16576 383
16579 383
16582 382
16583 382
16584 382
16586 382
16587 382
16588 382
16589 382
16590 382
16591 382
16592 382
16593 382
16594 382
16595 382
16596 382
16597 382
16598 382
16599 382
16600 382
16601 382
16602 382
16603 382
16604 382
16605 382
16606 382
16607 382
16608 382
16609 382
16610 382
16611 382
16612 382
16613 382
16614 382
16615 382
16616 382
16617 382
16618 382
16619 382
16620 382
16621 382
16622 382
16623 382
16624 382
16625 382
16740 384
16741 384
16742 384
16743 384
16744 384
16745 384
16746 384
16747 384
16748 384
16749 384
16750 384
16751 384
16752 384
16753 384
16754 384
16755 384
16756 384
16757 384
16758 384
16759 384
16760 384
16761 384
16762 384
16763 384
16764 384
16764 386
16765 384
16766 384
16766 386
16767 384
16768 384
16772 387
16773 387
16774 387
16775 387
16784 384
16785 384
16786 384
16787 384
16787 387
16788 384
16789 387
16790 387
16791 387
16792 387
16793 387
16794 386
16794 387
16795 386
16796 387
16797 387
16798 387
16799 387
16800 387
16801 387
16801 390
16802 387
16802 390
16803 387
16803 390
16804 387
16804 390
16805 387
16805 390
16806 387
16806 390
16807 387
16807 390
16808 387
16808 390
16809 387
16809 390
16810 387
16810 390
16811 387
16811 390
16812 387
16812 390
16813 387
16813 390
16814 387
16814 390
16815 387
16816 390
16817 390
16818 390
16819 390
16820 390
16821 387
16821 390
16822 387
16822 390
16823 387
16823 390
16824 387
16824 390
16825 387
16825 390
16826 387
16826 390
16827 387
16827 390
16828 387
16828 390
16829 387
16830 390
16831 390
16832 390
16833 390
16834 390
16835 390
16836 390
16837 390
16838 390
16839 390
16840 387
16840 390
16841 387
16841 390
16842 387
16842 390
16843 387
16843 390
16844 387
16844 390
16845 387
16845 390
16846 387
16846 390
16847 387
16847 390
16848 387
16848 390
16849 387
16849 390
16850 387
16850 390
16851 387
16851 390
16852 387
16852 390
16853 387
16853 390
16854 387
16854 390
16855 387
16855 390
16856 387
16856 390
16857 387
16857 390
16858 387
16859 387
16859 390
16860 387
16860 390
16861 387
16861 390
16862 387
16862 390
16863 387
16863 390
16864 387
16864 390
16865 387
16865 390
16866 387
16866 390
16867 387
16867 390
16868 387
16868 390
16869 387
16870 390
16871 390
16872 390
16873 390
16874 390
16875 390
16876 390
16877 390
16878 390
16879 390
16880 387
16880 390
16881 387
16882 387
16882 390
16883 387
16883 390
16884 387
16885 390
16886 390
16887 390
16888 390
16889 390
16890 387
16890 390
16891 387
16891 390
16892 387
16893 390
16894 387
16894 390
16895 387
16895 390
16896 387
16896 390
16897 387
16898 390
16899 390
16900 390
16901 390
16902 390
16903 390
16904 390
16905 390
16906 390
16907 390
16908 390
16909 390
16910 390
16911 390
16912 390
16913 390
16914 390
16915 390
16916 390
16917 390
16918 390
16919 390
16920 390
16921 390
16922 390
16923 390
16924 390
16925 387
16925 390
16926 387
16926 390
16927 387
16928 390
16929 387
16929 390
16930 387
16931 390
16932 390
16933 390
16934 390
16935 390
16936 390
16937 390
16938 390
16939 390
16940 390
16941 390
16942 390
16943 390
16944 390
16945 387
16945 390
16946 387
16947 390
16948 390
16949 390
16950 390
16951 390
16952 390
16953 390
16954 390
16955 390
16956 390
16957 390
16958 390
16959 390
16960 390
16961 390
16962 387
16962 390
16963 387
16964 390
16965 390
16966 387
16966 390
16967 387
16968 387
16968 390
16969 387
16969 390
16970 387
16970 390
16971 387
16971 390
16972 387
16972 390
16973 387
16973 390
16974 387
16974 390
16975 387
16975 390
16976 387
16976 390
16977 387
16977 390
16978 387
16978 390
16979 387
16979 390
16980 387
16980 390
16981 387
16981 390
16982 387
16982 390
16983 387
16983 390
16984 387
16984 390
16985 387
16985 390
16986 387
16986 390
16987 387
16987 390
16988 387
16988 390
16989 387
16989 390
16990 387
16990 390
16991 387
16991 390
16992 387
16992 390
16993 387
16993 390
16994 387
16994 390
16995 387
16995 390
16996 387
16996 390
16997 387
16997 390
16998 387
16998 390
16999 387
16999 390
17000 387
17000 390
17001 387
17001 390
17002 387
17002 390
17003 387
17004 390
17005 387
17005 390
17006 387
17006 390
17007 387
17007 390
17008 387
17009 387
17010 387
17011 387
17012 387
17013 387
17016 387
17017 387
17018 387
17018 390
17019 387
17019 390
17020 387
17020 390
17021 387
17021 390
17022 387
17022 390
17023 387
17024 387
17025 387
17026 387
17027 387
17028 387
17029 387
17030 387
17031 387
17032 387
17033 387
17034 387
17035 387
17036 387
17037 387
17038 387
17039 387
17040 387
17041 387
17042 387
17043 387
17044 387
17045 387
17045 392
17046 387
17046 392
17047 387
17047 392
17048 387
17048 392
17049 387
17049 392
17050 387
17050 392
17051 387
17051 392
17052 387
17052 392
17053 387
17053 392
17054 387
17055 387
17056 387
17057 387
17058 387
17059 387
17060 387
17061 387
17062 387
17063 387
17064 387
17065 387
17066 387
17067 387
17068 387
17069 387
17070 387
17071 387
17072 387
17073 387
17074 387
17075 387
17076 387
17076 392
17077 387
17077 392
17078 387
17079 387
17080 387
17080 392
17081 387
17081 392
17082 387
17082 392
17083 387
17083 392
17084 387
17085 387
17085 392
17086 387
17086 392
17087 387
17087 392
17088 387
17088 392
17089 387
17089 392
17090 387
17090 392
17091 387
17091 392
17092 387
17092 392
17093 387
17093 392
17094 387
17094 392
17094 393
17095 387
17095 392
17096 387
17096 392
17097 387
17097 392
17098 387
17099 387
17100 387
17103 393
17104 393
17104 394
17105 393
17105 394
17106 392
17106 393
17106 394
17107 392
17107 393
17108 393
17108 394
17109 393
17109 394
17110 393
17110 394
17111 393
17111 394
17112 393
17112 394
17113 387
17113 393
17113 394
17114 387
17114 393
17114 394
17115 387
17115 393
17115 394
17116 387
17116 393
17116 394
17117 387
17117 393
17118 387
17119 394
17120 394
17121 387
17121 394
17122 387
17122 394
17123 387
17123 394
17124 387
17125 394
17126 394
17127 394
17128 394
17129 394
17130 394
17131 394
17132 394
17133 394
17134 394
17135 394
17136 394
17137 394
17138 394
17139 394
17140 394
17141 394
17142 387
17142 394
17143 387
17144 394
17145 394
17146 393
17146 394
17147 393
17147 394
17148 387
17148 393
17148 394
17149 387
17149 393
17149 394
17150 387
17150 393
17150 394
17151 387
17151 393
17151 394
17152 387
17152 393
17152 394
17153 387
17153 393
17154 387
17154 394
17155 387
17155 394
17156 387
17156 394
17157 387
17158 387
17158 394
17159 387
17159 394
17160 387
17160 394
17161 387
17161 393
17162 387
17162 393
17163 387
17163 393
17163 394
17164 387
17164 393
17164 394
17164 396
17165 387
17165 393
17165 394
17166 387
17167 394
17168 394
17169 387
17169 394
17170 387
17170 394
17171 387
17171 394
17172 387
17172 394
17173 387
17173 394
17174 387
17174 394
17175 387
17175 394
17176 387
17177 387
17177 394
17178 387
17179 394
17180 394
17181 387
17181 394
17182 387
17182 394
17183 387
17183 394
17184 387
17184 394
17185 387
17186 394
17187 394
17188 394
17189 394
17190 394
17191 394
17192 394
17193 394
17194 394
17195 394
17196 394
17197 394
17198 394
17199 394
17200 394
17201 394
17202 394
17203 394
17204 394
17205 394
17206 394
17207 394
17208 394
17209 394
17210 394
17211 394
17212 394
17213 394
17214 394
17215 394
17216 394
17217 394
17218 394
17219 394
17220 394
17221 394
17222 394
17223 394
17224 394
17225 394
17226 394
17227 394
17228 394
17229 394
17230 394
17231 394
17232 394
17233 394
17234 394
17235 394
17236 394
17237 394
17238 394
17239 394
17240 394
17241 394
17242 394
17243 394
17244 394
17245 394
17246 394
17247 394
17248 394
17249 394
17250 394
17251 394
17252 394
17253 394
17254 394
17255 394
17256 394
17257 394
17258 394
17259 394
17260 394
17261 394
17262 394
17263 394
17264 394
17265 394
17266 394
17267 394
17268 394
17269 394
17270 394
17271 394
17272 394
17273 394
17274 394
17275 394
17276 394
17277 394
17278 394
17279 394
17280 394
17281 394
17282 394
17283 394
17284 394
17285 394
17286 394
17287 394
17287 398
17288 394
17288 398
17289 394
17289 398
17290 394
17290 398
17291 394
17291 398
17292 394
17292 398
17293 394
17293 398
17294 394
17294 398
17295 394
17295 398
17296 394
17296 398
17297 394
17297 398
17298 394
17298 398
17299 394
17299 398
17300 394
17300 398
17301 394
17301 398
17302 394
17302 398
17303 394
17303 398
17304 394
17304 398
17305 394
17305 398
17306 394
17306 398
17307 394
17308 394
17308 398
17309 394
17309 398
17310 394
17310 398
17311 394
17311 398
17312 394
17312 398
17313 394
17313 398
17313 400
17314 394
17314 398
17315 394
17315 400
17316 394
17316 398
17316 400
17317 394
17317 398
17318 394
17318 400
17319 394
17319 400
17320 398
17320 400
17321 398
17321 400
17322 398
17323 400
17324 400
17325 400
17326 400
17327 400
17328 400
17329 398
17329 400
17330 398
17330 400
17331 398
17331 400
17332 398
17332 400
17333 398
17333 400
17334 398
17334 400
17334 402
17335 398
17335 400
17335 402
17336 398
17336 400
17336 402
17336 403
17337 398
17337 400
17337 402
17337 403
17338 398
17338 400
17338 402
17338 403
17339 398
17339 400
17339 402
17339 403
17340 398
17340 400
17340 402
17340 403
17341 398
17341 400
17341 402
17342 398
17342 400
17342 402
17343 398
17343 400
17343 402
17344 398
17344 400
17344 402
17345 398
17345 400
17345 402
17345 403
17346 398
17346 400
17346 402
17347 400
17347 402
17347 403
17348 400
17348 402
17348 403
17349 400
17349 402
17349 403
17350 400
17350 402
17350 403
17351 400
17351 402
17352 402
17352 403
17353 398
17353 402
17354 398
17354 402
17355 398
17355 402
17356 398
17356 402
17357 398
17357 402
17358 402
17359 402
17359 403
17360 403
17361 403
17361 406
17362 403
17362 406
17363 398
17363 403
17364 398
17364 403
17365 398
17365 403
17366 398
17366 403
17367 398
17367 403
17368 398
17369 398
17370 398
17371 398
17372 398
17372 402
17373 398
17373 402
17374 398
17374 402
17375 398
17375 402
17376 398
17376 402
17377 398
17378 398
17379 398
17379 402
17380 398
17380 402
17381 398
17381 402
17382 398
17382 402
17383 398
17383 402
17384 398
17384 402
17385 398
17385 402
17386 398
17386 402
17387 398
17387 402
17388 398
17388 402
17389 398
17389 402
17390 398
17390 402
17391 398
17391 402
17392 398
17392 402
17393 398
17393 402
17394 398
17394 402
17395 398
17395 402
17396 398
17397 398
17398 398
17399 398
17400 398
17401 398
17402 398
17403 398
17404 398
17405 398
17405 402
17406 398
17406 402
17407 398
17407 402
17408 398
17408 402
17409 398
17409 402
17410 398
17410 402
17411 398
17412 398
17413 398
17414 398
17415 398
17415 402
17416 398
17416 402
17421 402
17422 402
17423 402
17433 402
17434 402
17435 402
17436 402
17437 402
17438 402
17439 402
17440 402
17443 402
17444 402
17445 402
17446 402
17446 410
17447 402
17447 410
17448 402
17448 410
17449 402
17450 402
17451 402
17452 402
17453 402
17454 402
17455 402
17456 402
17457 402
17458 402
17466 402
17483 402
17484 402
17485 402
17486 402
17487 402
17488 402
17489 402
17490 402
17504 402
17512 402
17513 402
17514 402
17515 402
17516 402
17517 402
17518 402
17520 413
17522 402
17526 402
17544 402
17545 402
17546 402
17562 402
17563 402
17563 414
17564 402
17564 414
17573 414
17574 414
17593 402
17601 402
17604 402
17605 402
17606 402
17607 402
17609 402
17610 402
17624 420
17625 420
17626 420
17627 420
17628 420
17629 420
17630 420
17633 402
17634 402
17635 402
17650 422
17651 422
17652 422
17653 422
17654 422
17655 422
17656 422
17657 422
17658 422
17659 422
17660 422
17661 422
17662 422
17663 422
17664 422
17665 422
17666 422
17667 422
17668 422
17669 422
17670 422
17671 422
17672 422
17673 422
17674 422
17675 422
17676 422
17677 422
17678 422
17679 422
17680 422
17681 422
17682 422
17683 422
17684 422
17685 422
17686 422
17687 422
17688 422
17689 422
17690 422
17691 422
17692 422
17693 422
17694 422
17695 422
17696 422
17697 422
17698 422
17699 422
17700 422
17701 422
17702 422
17703 422
17704 422
17705 422
17706 422
17707 422
17708 422
17709 422
17710 422
17711 422
17712 422
17713 422
17714 422
17715 422
17716 422
17717 422
17718 422
17719 422
17720 422
17721 422
17722 422
17723 422
17724 422
17725 422
17726 422
17727 422
17728 422
17729 424
17730 424
17735 425
17736 422
17736 425
17737 422
17737 425
17738 422
17738 425
17739 422
17739 425
17740 422
17741 422
17742 422
17743 425
17744 425
17745 425
17746 422
17746 425
17747 422
17748 425
17749 425
17750 425
17751 425
17752 425
17753 425
17754 425
17755 422
17755 425
17756 422
17756 425
17757 422
17758 425
17759 425
17760 425
17761 422
17761 425
17762 422
17762 425
17763 422
17764 422
17765 422
17766 422
17767 422
17768 422
17769 422
17770 422
17771 422
17771 425
17771 426
17772 422
17772 425
17772 426
17773 422
17773 425
17773 426
17774 422
17774 425
17774 426
17775 422
17775 425
17775 426
17776 422
17776 425
17776 426
17777 422
17777 425
17778 425
17779 426
17780 426
17781 426
17782 426
17783 426
17784 426
17785 426
17786 426
17787 426
17788 426
17789 426
17790 426
17791 426
17792 426
17793 426
17794 426
17795 426
17796 426
17797 426
17798 426
17799 426
17800 422
17800 426
17801 422
17802 426
17803 426
17846 429
17847 429
17848 429
17849 429
17850 429
17851 429
17852 429
17853 429
17854 429
17855 429
17856 429
17857 429
17858 429
17859 429
17911 431
17912 431
17913 431
17913 432
17914 431
17914 432
17915 431
17921 431
17922 431
17923 431
17924 431
17925 431
17925 432
17926 431
17926 432
17927 431
17927 432
17928 431
17928 432
17929 431
17930 431
17931 431
17932 431
17933 431
17934 431
17935 431
17936 431
17937 431
17938 431
17983 433
17984 433
17985 433
17986 433
17987 433
17988 433
17989 433
17990 433
17991 433
17992 433
17993 433
17994 433
17995 433
17996 433
17996 434
17997 433
17997 434
17998 433
17998 434
17999 433
18000 433
18001 433
18002 433
18002 435
18003 433
18004 433
18005 433
18006 433
18007 433
18023 435
18024 435
18025 435
18026 435
18039 435
18040 435
18041 435
18042 435
18043 435
18047 438
18048 438
18049 438
18049 439
18050 438
18051 438
18052 438
18053 438
18060 435
18061 435
18062 435
18063 435
18064 435
18065 435
18066 435
18067 435
18068 435
18069 435
18070 435
18071 435
18072 435
18073 435
18074 435
18075 435
18076 435
18077 435
18078 435
18079 435
18080 435
18081 435
18086 440
18087 440
18088 435
18089 435
18090 435
18091 435
18092 435
18093 435
18094 435
18095 435
18096 435
18097 435
18098 435
18099 435
18100 435
18101 435
18102 435
18103 435
18104 435
18105 435
18153 443
18154 443
18155 443
18156 443
18157 443
18158 443
18159 443
18160 443
18161 443
18162 443
18163 443
18164 443
18165 443
18166 443
18167 443
18168 443
18169 443
18170 443
18170 444
18171 443
18171 444
18172 443
18173 443
18174 443
18175 443
18176 443
18177 443
18178 443
18179 443
18180 443
18181 443
18182 443
18183 443
18184 443
18198 443
18199 443
18200 443
18201 443
18202 443
18203 443
18204 443
18205 443
18206 443
18207 443
18208 443
18209 443
18210 443
18211 443
18212 443
18213 443
18214 443
18215 443
18216 443
18217 443
18218 443
18219 443
18220 443
18221 443
18222 443
18223 443
18224 443
18225 443
18226 443
18226 446
18227 443
18227 446
18228 443
18230 443
18230 446
18231 443
18231 446
18232 443
18233 443
18233 446
18234 443
18234 446
18235 443
18235 446
18236 443
18236 446
18237 443
18237 446
18238 443
18239 446
18240 446
18241 446
18242 446
18243 446
18244 446
18245 443
18245 446
18246 443
18246 446
18247 443
18247 446
18248 443
18249 446
18250 443
18250 446
18251 443
18251 446
18252 443
18252 446
18253 443
18253 446
18254 443
18255 446
18256 446
18257 446
18258 446
18259 446
18261 446
18262 446
18263 443
18263 446
18264 443
18264 446
18265 443
18265 446
18266 443
18267 446
18268 446
18269 446
18270 446
18271 446
18272 446
18273 446
18274 446
18275 446
18276 446
18277 446
18278 446
18279 446
18280 446
18281 446
18282 446
18283 446
18284 446
18285 446
18286 446
18287 446
18288 446
18289 446
18290 446
18291 446
18292 446
18293 443
18293 446
18294 443
18294 446
18295 443
18295 446
18296 443
18296 446
18297 443
18297 446
18298 443
18298 446
18299 443
18299 446
18300 443
18301 443
18302 443
18303 443
18304 443
18305 443
18310 443
18311 443
18312 443
18313 443
18314 443
18315 443
18316 443
18317 443
18318 443
18319 443
18320 443
18321 443
18322 443
18326 443
18332 443
18333 443
18344 447
18345 447
18346 447
18351 449
18352 449
18355 449
18360 449
18361 449
18362 449
18363 449
18364 449
18365 449
18366 449
18396 450
18397 450
18398 450
18399 450
18400 450
18401 450
18432 451
18724 452
18738 453
18739 453
18740 453
18741 453
18742 453
18744 453
18746 453
18960 458
18961 458
18962 458
18963 458
18964 458
18965 458
18966 458
18967 458
18968 458
18969 458
18970 458
18971 458
18972 458
18973 458
18974 458
18975 458
18976 458
18977 458
18978 458
18979 458
18980 458
18981 458
18982 458
18983 458
18984 458
18985 458
18985 459
18986 458
18986 459
18987 458
18987 459
18988 458
18989 458
18993 461
18994 461
18995 461
18996 461
18997 461
18998 461
18999 461
19000 461
19001 461
19002 461
19003 461
19004 461
19005 461
19006 461
19007 461
19008 461
19012 461
19013 461
19014 461
19015 461
19016 461
19017 461
19018 461
19019 461
19020 461
19021 461
19022 461
19023 461
19024 461
19025 461
19026 461
19027 461
19028 461
19029 461
19030 461
19031 461
19032 461
19033 461
19034 461
19035 461
19036 461
19037 461
19038 461
19039 461
19040 461
19041 461
19042 461
19043 461
19044 461
19044 464
19045 461
19045 464
19046 461
19046 464
19047 461
19047 464
19048 461
19048 464
19049 461
19049 464
19050 461
19050 464
19051 461
19051 464
19052 461
19052 464
19053 461
19053 464
19054 461
19054 464
19055 461
19055 464
19056 461
19057 461
19058 461
19059 461
19106 465
19107 465
19108 465
19109 465
19110 465
19111 465
19112 465
19113 465
19116 465
19261 467
19262 467
19263 467
19264 467
19265 467
19266 467
19337 468
19384 469
19391 470
19392 470
19393 470
19394 470
19395 470
19396 470
19397 470
19398 470
19399 470
19400 470
19401 470
19402 470
19403 470
19404 470
19405 470
19406 470
19407 470
19408 470
19409 470
19410 470
19411 470
19412 470
19413 470
19414 470
19415 470
19416 470
19417 470
19418 470
19419 470
19420 470
19421 470
19422 470
19423 470
19424 470
19425 470
19426 470
19427 470
19428 470
19429 470
19430 470
19431 470
19432 470
19433 470
19434 470
19435 470
19436 470
19437 470
19438 470
19461 471
19462 471
19513 472
19514 472
19515 472
19516 472
19518 472
19519 472
19704 473
19926 474
19927 474
19928 474
19929 474
19930 474
19931 474
19932 474
19933 474
19934 474
19935 474
19936 474
19937 474
19938 474
19939 474
19940 474
19941 474
19942 474
19943 474
19944 474
19945 474
19946 474
19947 474
19948 474
19949 474
19950 474
19951 474
19952 474
19962 474
19963 474
19964 474
19965 474
19966 474
19967 474
19968 474
19969 474
19970 474
19971 474
19972 474
19973 474
19974 474
19975 474
19976 474
19977 474
19978 474
19983 474
19984 474
19997 474
19998 474
19999 474
20000 474
20001 474
20002 474
20003 474
20004 477
20005 474
20006 474
20007 474
20008 474
20009 474
20010 474
20011 474
20012 474
20013 474
20053 479
20054 479
20055 479
20056 479
