65 1
66 1
67 1
68 1
69 1
140 2
141 2
142 2
153 2
154 2
227 3
228 3
229 3
230 3
231 3
232 3
233 3
234 3
235 3
236 3
237 3
238 3
239 3
240 3
241 3
242 3
243 3
244 3
245 3
246 3
247 3
248 3
249 3
250 3
251 3
252 3
253 3
254 3
255 3
256 3
257 3
258 3
259 3
260 3
261 3
262 3
263 3
264 3
265 3
266 3
267 3
268 3
269 3
270 3
271 3
272 3
273 3
274 3
275 3
276 3
277 3
278 3
279 3
280 3
281 3
282 3
283 3
284 3
285 3
286 3
287 3
288 3
289 3
290 3
291 3
292 3
293 3
294 3
295 3
296 3
297 3
298 3
299 3
300 3
301 3
302 3
303 3
304 3
305 3
306 3
307 3
308 3
309 3
310 3
311 3
312 3
313 3
314 3
315 3
316 3
317 3
318 3
319 3
320 3
321 3
322 3
323 3
324 3
325 3
326 3
327 3
328 3
329 3
330 3
331 3
332 3
333 3
334 3
335 3
336 3
337 3
338 3
339 3
340 3
341 3
342 3
343 3
344 3
345 3
346 3
347 3
348 3
349 3
350 3
351 3
352 3
353 3
354 3
355 3
356 3
357 3
358 3
359 3
360 3
361 3
362 3
363 3
364 3
365 3
366 3
367 3
368 3
369 3
370 3
371 3
372 3
373 3
652 5
653 5
654 5
655 5
660 5
661 5
665 5
666 5
667 5
668 5
669 5
670 5
671 5
672 5
673 5
674 5
675 5
676 5
677 5
678 5
679 5
680 5
681 5
682 5
683 5
684 5
685 5
686 5
687 5
688 5
689 5
690 5
691 5
692 5
693 5
694 5
695 5
696 5
697 5
698 5
699 5
700 5
701 5
702 5
703 5
704 5
705 5
706 5
707 5
708 5
709 5
710 5
711 5
712 5
713 5
714 5
715 5
716 5
717 5
718 5
719 5
720 5
721 5
722 5
723 5
724 5
725 5
726 5
727 5
728 5
729 5
730 5
731 5
732 5
733 5
734 5
735 5
736 5
737 5
738 5
739 5
740 5
741 5
742 5
743 5
744 5
745 5
746 5
747 5
748 5
749 5
750 5
751 5
752 5
753 5
754 5
755 5
756 5
757 5
758 5
759 5
760 5
761 5
762 5
763 5
764 5
765 5
766 5
767 5
768 5
769 5
770 5
771 5
772 5
773 5
774 5
775 5
776 5
777 5
778 5
779 5
780 5
781 5
782 5
783 5
784 5
785 5
786 5
787 5
788 5
789 5
790 5
791 5
792 5
793 5
794 5
795 5
796 5
797 5
798 5
799 5
800 5
801 5
802 5
803 5
804 5
805 5
806 5
807 5
808 5
809 5
810 5
811 5
812 5
813 5
814 5
815 5
816 5
817 5
818 5
819 5
820 5
821 5
822 5
823 5
824 5
825 5
826 5
827 5
828 5
829 5
830 5
831 5
832 5
833 5
834 5
835 5
836 5
837 5
838 5
839 5
840 5
841 5
842 5
843 5
844 5
845 5
846 5
847 5
848 5
849 5
850 5
851 5
852 5
853 5
854 5
855 5
856 5
857 5
858 5
859 5
860 5
861 5
862 5
863 5
864 5
865 5
866 5
867 5
868 5
869 5
870 5
871 5
872 5
873 5
874 5
875 5
876 5
877 5
878 5
879 5
880 5
881 5
882 5
883 5
884 5
885 5
886 5
887 5
888 5
889 5
890 5
891 5
892 5
893 5
894 5
895 5
896 5
897 5
898 5
899 5
900 5
901 5
902 5
903 5
904 5
905 5
906 5
907 5
908 5
909 5
910 5
911 5
912 5
913 5
914 5
915 5
916 5
917 5
918 5
919 5
920 5
921 5
922 5
923 5
924 5
925 5
926 5
927 5
928 5
929 5
930 5
931 5
932 5
933 5
934 5
935 5
936 5
937 5
938 5
939 5
940 5
941 5
942 5
943 5
944 5
945 5
946 5
947 5
948 5
949 5
950 5
951 5
952 5
953 5
954 5
955 5
956 5
957 5
958 5
1043 7
1044 7
1045 7
1046 7
1047 7
1048 7
1049 7
1051 7
1052 7
1054 7
1055 7
1159 10
1262 11
1263 11
1264 11
1269 11
1270 11
1271 11
1272 11
1273 11
1274 11
1275 11
1276 11
1278 11
1279 11
1296 11
1300 11
1301 11
1302 11
1303 11
1304 11
1305 11
1306 11
1307 11
1308 11
1309 11
1310 11
1311 11
1312 11
1516 15
1517 15
1518 15
1519 15
1520 15
1521 15
1522 15
1523 15
1526 15
1528 15
1529 15
1530 15
1531 15
1532 15
1533 15
1534 15
1535 15
1536 15
1537 15
1538 15
1539 15
1540 15
1550 15
1551 15
1552 15
1553 15
1554 15
1555 15
1556 15
1557 15
1558 15
1572 15
1573 15
1574 15
2043 16
2044 16
2045 16
2046 16
2047 16
2048 16
2049 16
2050 16
2051 16
2052 16
2060 16
2061 16
2062 16
2063 16
2064 16
2065 16
2066 16
2067 16
2068 16
2069 16
2070 16
2071 16
2072 16
2073 16
2074 16
2075 16
2076 16
2077 16
2078 16
2079 16
2080 16
2086 16
2087 16
2088 16
2089 16
2090 16
2091 16
2092 16
2102 16
2103 16
2104 16
2355 18
2356 18
2357 18
2358 18
2359 18
2360 18
2685 19
2686 19
2687 19
2688 19
2689 19
2690 19
2691 19
2692 19
2693 19
2694 19
2695 19
2696 19
3851 29
3852 29
3853 29
3854 29
3855 29
3856 29
3857 29
3858 29
3859 29
3860 29
3861 29
3862 29
3863 29
3892 29
3894 29
3895 29
3896 29
3897 29
3898 29
3899 29
3900 29
3901 29
3902 29
3903 29
3904 29
3905 29
3906 29
3907 29
3908 29
3909 29
3910 29
3911 29
3912 29
3913 29
3914 29
3915 29
3916 29
3917 29
3918 29
3919 29
3920 29
3921 29
3922 29
3923 29
3924 29
3925 29
3926 29
3927 29
3928 29
3929 29
3930 29
3931 29
3932 29
3933 29
3934 29
3935 29
3936 29
3937 29
3938 29
3939 29
3940 29
3941 29
3942 29
3943 29
3944 29
3945 29
3946 29
3947 29
3948 29
3949 29
3950 29
3951 29
3952 29
3953 29
3954 29
3955 29
3956 29
3957 29
3958 29
3959 29
3960 29
3961 29
3962 29
3963 29
3964 29
3965 29
3966 29
3967 29
3968 29
3969 29
3970 29
3971 29
3972 29
3973 29
3974 29
3975 29
3976 29
3977 29
3978 29
3979 29
3980 29
3981 29
3982 29
3983 29
3984 29
3985 29
3986 29
3987 29
3988 29
3989 29
3990 29
3991 29
3992 29
3993 29
3994 29
3995 29
3996 29
3997 29
3998 29
3999 29
4000 29
4001 29
4002 29
4003 29
4004 29
4005 29
4006 29
4007 29
4008 29
4009 29
4010 29
4011 29
4012 29
4013 29
4014 29
4015 29
4016 29
4017 29
4018 29
4019 29
4020 29
4021 29
4022 29
4023 29
4024 29
4025 29
4109 33
4111 33
4112 33
4134 33
4135 33
4136 33
4137 33
4138 33
4139 33
4140 33
4141 33
4142 33
4143 33
4144 33
4145 33
4146 33
4147 33
4148 33
4149 33
4150 33
4211 34
4218 34
4248 34
4251 34
4257 34
4258 34
4259 34
4260 34
4261 34
4262 34
4263 34
4264 34
4265 34
4266 34
4281 34
4282 34
4283 34
4284 34
4285 34
4286 34
4287 34
4288 34
4289 34
4290 34
4291 34
4292 34
4293 34
4294 34
4295 34
4296 34
4297 34
4298 34
4299 34
4300 34
4301 34
4302 34
4303 34
4304 34
4305 34
4311 34
4312 34
4750 36
4751 36
4752 36
4753 36
4754 36
4755 36
4756 36
4757 36
4758 36
4759 36
4760 36
4761 36
4762 36
4763 36
4764 36
4765 36
4766 36
5088 42
5113 42
5114 42
5373 43
5374 43
5375 43
5382 43
5383 43
5384 43
5385 43
5386 43
5387 43
5388 43
5389 43
5390 43
5390 45
5391 43
5391 45
5392 43
5392 45
5393 43
5394 43
5395 43
5396 43
5397 43
5398 43
5399 43
5400 43
5401 43
5402 43
5403 43
5404 43
5405 43
5406 43
5407 43
5408 43
5409 43
5409 45
5410 43
5410 45
5411 43
5411 45
5412 43
5412 45
5413 43
5413 45
5414 43
5414 45
5415 43
5415 45
5416 43
5416 45
5417 43
5417 45
5418 43
5418 45
5419 43
5419 45
5420 43
5420 45
5421 43
5421 45
5422 43
5422 45
5423 43
5424 45
5425 45
5426 45
5427 45
5428 45
5429 45
5430 45
5431 45
5432 45
5433 45
5434 45
5435 45
5436 45
5437 45
5438 45
5439 45
5440 45
5441 45
5442 45
5443 45
5444 45
5445 45
5446 45
5447 45
5448 45
5449 45
5450 45
5451 45
5452 45
5453 45
5454 45
5455 45
5456 45
5457 45
5458 45
5459 45
5460 45
5461 45
5462 45
5463 45
5464 45
5465 45
5466 45
5467 45
5468 45
5469 45
5470 45
5471 45
5472 45
5484 45
5485 45
5486 45
5546 47
5547 47
5548 47
5549 47
5550 47
5551 47
5552 47
5553 47
5554 47
5555 47
5556 47
5557 47
5558 47
5559 47
5560 47
5561 47
5562 47
5563 47
5564 47
5565 47
5566 47
5567 47
5590 47
5591 47
5592 47
5593 47
5594 47
5595 47
5596 47
5597 47
5598 47
5599 47
5600 47
5601 47
5602 47
5603 47
5604 47
5605 47
5606 47
5607 47
5608 47
5609 47
5610 47
5611 47
5612 47
5613 47
5614 47
5615 47
5616 47
5617 47
5618 47
5619 47
5620 47
5621 47
5621 48
5622 47
5622 48
5623 47
5623 48
5624 47
5624 48
5625 47
5625 48
5626 47
5626 48
5627 47
5627 48
5628 47
5628 48
5629 47
5629 48
5630 47
5630 48
5631 47
5631 48
5632 47
5632 48
5633 47
5633 48
5634 47
5634 48
5635 47
5635 48
5636 47
5636 48
5637 47
5637 48
5638 47
5638 48
5639 47
5639 48
5640 47
5640 48
5641 47
5641 48
5642 47
5642 48
5643 47
5643 48
5644 47
5644 48
5645 47
5645 48
5646 47
5646 48
5647 47
5647 48
5648 47
5648 48
5649 47
5650 48
5651 48
5709 49
5710 49
5711 49
5712 49
5713 49
5718 49
5719 49
5720 49
5721 49
5722 49
5723 49
5724 49
5725 49
5726 49
5727 49
5728 49
5729 49
5730 49
5731 49
5732 49
5733 49
5734 49
5735 49
5736 49
5737 49
5738 49
5739 49
5740 49
5741 49
5742 49
5743 49
5744 49
5745 49
5746 49
5747 49
5748 49
5749 49
5750 49
5751 49
5752 49
5753 49
5754 49
5755 49
5756 49
5757 49
5758 49
5759 49
5760 49
5761 49
5762 49
5763 49
5764 49
5765 49
5766 49
5790 49
5791 49
5792 49
5793 49
5794 49
5795 49
5796 49
5797 49
5798 49
5799 49
5800 49
5801 49
5802 49
5803 49
5804 49
5806 49
5939 51
5940 51
5942 52
5943 52
5944 52
5945 52
5946 52
5947 52
5948 52
5949 52
5950 52
5951 52
5952 52
5953 52
5954 52
5955 52
5956 52
5957 52
5958 52
5959 52
6171 53
6172 53
6173 53
6174 53
6175 53
6176 53
6177 53
6215 56
6216 56
6217 56
6218 56
6219 56
6220 56
6221 56
6227 56
6237 56
6238 56
6239 56
6240 56
6590 59
6591 59
6592 59
6593 59
6594 59
6595 59
6596 59
6597 59
6598 59
6599 59
6600 59
6601 59
6602 59
6603 59
6604 59
6605 59
6606 59
6607 59
6608 59
6609 59
6610 59
6611 59
6612 59
6612 60
6613 59
6613 60
6614 59
6614 60
6615 59
6615 60
6616 59
6616 60
6617 59
6617 60
6618 59
6619 59
6619 60
6620 59
6620 60
6621 59
6621 60
6622 59
6622 60
6623 59
6623 60
6624 59
6624 60
6625 59
6625 60
6626 59
6626 60
6627 59
6627 60
6628 59
6628 60
6629 59
6629 60
6630 59
6630 60
6631 59
6631 60
6632 59
6632 60
6633 59
6633 60
6634 59
6634 60
6635 59
6635 60
6636 59
6636 60
6637 59
6637 60
6638 59
6638 60
6639 59
6639 60
6640 59
6640 60
6641 59
6641 60
6642 59
6643 59
6643 60
6644 59
6644 60
6645 59
6645 60
6646 59
6646 60
6647 59
6647 60
6648 59
6649 59
6650 59
6650 60
6651 59
6652 59
6653 59
6654 59
6655 59
6656 59
6657 59
6658 59
6659 59
6660 59
6704 61
6797 62
6798 62
6799 62
6800 62
6813 62
6814 62
6815 62
6816 62
6816 63
6817 62
6817 63
6818 62
6818 63
6819 62
6820 62
6821 62
6822 62
6823 62
6824 62
6825 62
6826 62
6827 62
6828 62
6829 62
6830 62
6831 62
6832 62
6833 62
6834 62
6835 62
6836 62
6837 62
6838 62
6839 62
6840 62
6841 62
6842 62
6843 62
6844 62
6845 62
6846 62
6847 62
6848 62
6849 62
6850 62
6851 62
6852 62
6853 62
6854 62
6855 62
6856 62
6857 62
6858 62
6859 62
6860 62
6861 62
6862 62
6863 62
6864 62
6865 62
6866 62
6867 62
6868 62
6869 62
6870 62
6871 62
6872 62
6873 62
6874 62
6875 62
6876 62
6877 62
6878 62
6879 62
6880 62
6881 62
6882 62
6883 62
6884 62
6885 62
6886 62
6887 62
6888 62
6889 62
6890 62
6891 62
6892 62
6893 62
6894 62
6895 62
6896 62
6897 62
6898 62
6899 62
6900 62
6901 62
6902 62
6903 62
6904 62
6905 62
6906 62
6907 62
6908 62
6909 62
6910 62
6911 62
6912 62
6913 62
6914 62
6915 62
6916 62
6917 62
6918 62
6919 62
6920 62
6921 62
6922 62
6923 62
6924 62
6925 62
6926 62
6927 62
6928 62
6929 62
6930 62
6931 62
6932 62
6933 62
6934 62
6935 62
6936 62
6937 62
6938 62
6939 62
6940 62
6941 62
6942 62
6943 62
6944 62
6945 62
6946 62
6947 62
6948 62
6949 62
6950 62
6951 62
6952 62
6953 62
6954 62
6955 62
6956 62
6957 62
6958 62
6959 62
6960 62
6961 62
6962 62
6963 62
6964 62
6965 62
6966 62
6967 62
6968 62
6969 62
6970 62
6971 62
6972 62
6973 62
6974 62
6975 62
6976 62
6977 62
6978 62
6979 62
6980 62
6981 62
6982 62
6983 62
6984 62
6985 62
6986 62
6987 62
6988 62
6989 62
6990 62
6991 62
6992 62
6993 62
6994 62
6995 62
6996 62
6997 62
6998 62
6999 62
7000 62
7001 62
7002 62
7003 62
7004 62
7005 62
7006 62
7007 62
7008 62
7009 62
7010 62
7011 62
7012 62
7013 62
7014 62
7015 62
7016 62
7017 62
7018 62
7019 62
7020 62
7021 62
7022 62
7023 62
7024 62
7025 62
7026 62
7027 62
7028 62
7029 62
7030 62
7031 62
7032 62
7033 62
7034 62
7035 62
7036 62
7037 62
7038 62
7039 62
7040 62
7041 62
7042 62
7043 62
7044 62
7049 62
7050 62
7051 62
7052 62
7053 62
7054 62
7058 62
7059 62
7060 62
7061 62
7062 62
7063 62
7284 64
7285 64
7286 64
7287 64
7288 64
7289 64
7290 64
7653 67
7655 67
7871 68
7875 68
7876 68
7877 68
7878 68
7880 68
7881 68
7882 68
7883 68
7885 68
7938 69
7939 69
7940 69
7941 69
7942 69
7943 69
7944 69
7945 69
8119 70
8120 70
8121 70
8122 70
8123 70
8124 70
8125 70
8150 70
8151 70
8152 70
8153 70
8154 70
8155 70
8156 70
8157 70
8158 70
8159 70
8160 70
8161 70
8162 70
8163 70
8164 70
8165 70
8166 70
8167 70
8168 70
8169 70
8170 70
8171 70
8172 70
8174 70
8176 70
8177 70
8178 70
8179 70
8185 70
8189 70
8190 70
8191 70
8192 70
8193 70
8194 70
8195 70
8196 70
8197 70
8198 70
8199 70
8200 70
8201 70
8202 70
8203 70
8204 70
8205 70
8206 70
8207 70
8208 70
8209 70
8210 70
8211 70
8212 70
8213 70
8214 70
8215 70
8216 70
8217 70
8218 70
8219 70
8220 70
8221 70
8222 70
8223 70
8224 70
8225 70
8226 70
8227 70
8228 70
8229 70
8230 70
8231 70
8232 70
8233 70
8234 70
8235 70
8236 70
8237 70
8238 70
8239 70
8240 70
8241 70
8242 70
8243 70
8244 70
8245 70
8246 70
8250 70
8368 74
8369 74
8370 74
8371 74
8372 74
8373 74
8374 74
8375 74
8376 74
8377 74
8378 74
8379 74
8380 74
8381 74
8382 74
8383 74
8384 74
8385 74
8386 74
8387 74
8388 74
8389 74
8390 74
8391 74
8392 74
8393 74
8394 74
8395 74
8396 74
8397 74
8398 74
8399 74
8400 74
8401 74
8402 74
8403 74
8404 74
8405 74
8406 74
8407 74
8408 74
8409 74
8410 74
8411 74
8412 74
8413 74
8414 74
8415 74
8416 74
8417 74
8418 74
8419 74
8420 74
8421 74
8422 74
8423 74
8424 74
9325 78
9834 79
9835 79
9836 79
9837 79
9838 79
9839 79
9840 79
9841 79
9842 79
10254 80
10307 81
10308 81
10309 81
10310 81
10311 81
10312 81
10316 81
10317 81
10318 81
10321 81
10322 81
10323 81
10324 81
10325 81
10332 81
10333 81
10334 81
10335 81
10336 81
10337 81
10338 81
10339 81
10340 81
10341 81
10343 81
10344 81
10345 81
10346 81
10347 81
10351 81
11334 83
11335 83
11336 83
11337 83
11338 83
11339 83
11340 83
11341 83
11342 83
11463 85
11464 85
11465 85
11466 85
11467 85
11468 85
11476 85
11477 85
11479 85
11754 86
12886 87
12887 87
12888 87
12889 87
12890 87
12891 87
12952 89
12953 89
12954 89
12955 89
12956 89
12957 89
12958 89
12959 89
12960 89
12962 89
12964 89
12965 89
12966 89
12967 89
12968 89
12969 89
12970 89
12971 89
12972 89
12973 89
12974 89
12975 89
12976 89
12977 89
12978 89
12979 89
12980 89
12981 89
12982 89
12983 89
12984 89
12985 89
12986 89
12987 89
12988 89
12989 89
12990 89
12991 89
12992 89
12993 89
12994 89
12995 89
12996 89
12997 89
12998 89
12999 89
13000 89
13001 89
13002 89
13003 89
13004 89
13005 89
13006 89
13007 89
13008 89
13009 89
13238 90
13319 91
13320 91
13321 91
13322 91
13326 91
13327 91
13328 91
14199 93
14200 93
14271 94
14272 94
14273 94
14274 94
14275 94
14276 94
14277 94
14278 94
14279 94
14280 94
14281 94
14282 94
14283 94
14284 94
14285 94
14286 94
14287 94
14288 94
14289 94
14290 94
14291 94
14292 94
14293 94
14294 94
14295 94
14296 94
14297 94
14299 94
14300 94
14301 94
14302 94
14303 94
14304 94
14305 94
14306 94
14307 94
14308 94
14309 94
14310 94
14311 94
14312 94
14313 94
14314 94
14315 94
14316 94
14317 94
14318 94
14319 94
14320 94
14321 94
14322 94
14323 94
14324 94
14325 94
14326 94
14327 94
14328 94
14329 94
14330 94
14331 94
14394 97
14395 97
14396 97
14397 97
14398 97
14399 97
14439 98
14440 98
14441 98
14442 98
14448 98
14449 98
14450 98
14452 98
14453 98
14458 98
14459 98
14460 98
14463 98
14466 98
14467 98
14468 98
14469 98
14470 98
14473 98
14474 98
14475 98
14476 98
14477 98
15114 101
15119 101
15121 101
15122 101
15123 101
15124 101
15125 101
15126 101
15127 101
15128 101
15129 101
15130 101
15131 101
15132 101
15133 101
15134 101
15135 101
15136 101
15137 101
15138 101
15139 101
15140 101
15141 101
15142 101
15143 101
15144 101
15145 101
15146 101
15147 101
15148 101
15149 101
15150 101
15151 101
15152 101
15153 101
15154 101
15155 101
15156 101
15157 101
15158 101
15159 101
15160 101
15161 101
15162 101
15163 101
15164 101
15165 101
15166 101
15167 101
15168 101
15169 101
15170 101
15171 101
15172 101
15173 101
15174 101
15175 101
15176 101
15177 101
15178 101
15179 101
15180 101
15181 101
15182 101
15183 101
15184 101
15185 101
15186 101
15187 101
15188 101
15189 101
15190 101
15191 101
15192 101
15193 101
15194 101
15195 101
15196 101
15197 101
15198 101
15199 101
15200 101
15201 101
15202 101
15203 101
15204 101
15205 101
15206 101
15207 101
15208 101
15209 101
15210 101
15211 101
15212 101
15213 101
15214 101
15215 101
15216 101
15217 101
15218 101
15219 101
15220 101
15221 101
15222 101
15223 101
15224 101
15225 101
15226 101
15227 101
15228 101
15229 101
15230 101
15231 101
15232 101
15233 101
15234 101
15235 101
15236 101
15237 101
15238 101
15239 101
15240 101
15241 101
15242 101
15243 101
15244 101
15245 101
15246 101
15247 101
15248 101
15249 101
15250 101
15251 101
15252 101
15253 101
15254 101
15255 101
15256 101
15257 101
15258 101
15259 101
15260 101
15261 101
15262 101
15263 101
15264 101
15265 101
15266 101
15267 101
15268 101
15269 101
15270 101
15271 101
15272 101
15273 101
15274 101
15275 101
15276 101
15277 101
15278 101
15279 101
15280 101
15281 101
15282 101
15283 101
15284 101
15285 101
15286 101
15287 101
15288 101
15289 101
15290 101
15291 101
15292 101
15293 101
15294 101
15295 101
15297 101
15298 101
15299 101
15300 101
15301 101
15302 101
15303 101
15304 101
15305 101
15306 101
15307 101
15308 101
15309 101
15310 101
15311 101
15312 101
15313 101
15314 101
15315 101
15316 101
15317 101
15318 101
15319 101
15320 101
15321 101
15322 101
15323 101
15324 101
15325 101
15326 101
15327 101
15328 101
15329 101
15330 101
15331 101
15332 101
15333 101
15334 101
15335 101
15336 101
15337 101
15338 101
15339 101
15340 101
15341 101
15342 101
15343 101
15344 101
15345 101
15346 101
15347 101
15348 101
15349 101
15350 101
15351 101
15352 101
15353 101
15354 101
15355 101
15356 101
15357 101
15358 101
15359 101
15360 101
15361 101
15362 101
15363 101
15364 101
15365 101
15366 101
15367 101
15368 101
15369 101
15370 101
15371 101
15372 101
15373 101
15374 101
15375 101
15376 101
15377 101
15378 101
15384 101
15385 101
15421 102
15422 102
15423 102
15424 102
15425 102
15426 102
15427 102
15428 102
15429 102
15430 102
15431 102
15432 102
15433 102
15434 102
15435 102
15436 102
15437 102
15438 102
15439 102
15440 102
15441 102
15442 102
15443 102
15444 102
15445 102
15446 102
15447 102
15448 102
15449 102
15450 102
15451 102
15452 102
15453 102
15454 102
15466 102
15467 102
15468 102
15469 102
15470 102
15471 102
15472 102
15473 102
15474 102
15677 105
15682 105
15683 105
15684 105
15685 105
15700 105
15701 105
15702 105
15703 105
15704 105
15705 105
15706 105
15707 105
15708 105
15709 105
16461 106
16462 106
16653 110
16654 110
16655 110
16690 111
16691 111
16692 111
16696 111
16697 111
16698 111
16699 111
16700 111
16701 111
16702 111
16703 111
16704 111
16705 111
16706 111
16707 111
16708 111
16709 111
16710 111
16711 111
16712 111
16713 111
16714 111
16715 111
16724 111
16725 111
16774 114
16775 114
16776 114
16781 114
16899 115
16900 115
16901 115
17108 116
17109 116
17110 116
17111 116
17112 116
17113 116
17114 116
17115 116
17126 116
17127 116
17128 116
17129 116
17130 116
17131 116
17132 116
17133 116
17134 116
17135 116
17136 116
17137 116
17138 116
17139 116
17140 116
17141 116
17142 116
17143 116
17144 116
17145 116
17146 116
17147 116
17148 116
17149 116
17150 116
17151 116
17152 116
17153 116
17154 116
17155 116
17156 116
17157 116
17158 116
17159 116
17160 116
17161 116
17162 116
17163 116
17164 116
17165 116
17166 116
17167 116
17168 116
17169 116
17170 116
17171 116
17172 116
17173 116
17174 116
17175 116
17176 116
17177 116
17178 116
17179 116
17180 116
17181 116
17182 116
17183 116
17184 116
17185 116
17186 116
17187 116
17188 116
17189 116
17190 116
17191 116
17192 116
17193 116
17194 116
17195 116
17196 116
17197 116
17198 116
17198 117
17199 116
17199 117
17200 116
17201 116
17202 116
17203 116
17204 116
17205 116
17206 116
17207 116
17208 116
17209 116
17210 116
17211 116
17212 116
17213 116
17214 116
17215 116
17216 116
17217 116
17218 116
17219 116
17220 116
17221 116
17222 116
17223 116
17224 116
17225 116
17226 116
17227 116
17228 116
17229 116
17230 116
17231 116
17232 116
17233 116
17234 116
17235 116
17236 116
17237 116
17238 116
17239 116
17240 116
17241 116
17242 116
17243 116
17244 116
17245 116
17246 116
17247 116
17248 116
17249 116
17250 116
17251 116
17252 116
17253 116
17254 116
17255 116
17256 116
17257 116
17258 116
17259 116
17260 116
17261 116
17262 116
17263 116
17264 116
17265 116
17266 116
17267 116
17268 116
17269 116
17270 116
17271 116
17272 116
17273 116
17274 116
17275 116
17276 116
17277 116
17278 116
17279 116
17280 116
17281 116
17282 116
17283 116
17284 116
17285 116
17286 116
17287 116
17288 116
17289 116
17290 116
17291 116
17292 116
17293 116
17294 116
17295 116
17296 116
17297 116
17298 116
17299 116
17300 116
17301 116
17302 116
17303 116
17304 116
17305 116
17306 116
17307 116
17308 116
17309 116
17310 116
17311 116
17312 116
17313 116
17314 116
17315 116
17316 116
17317 116
17786 123
17793 123
17794 123
17795 123
17796 123
17797 123
17814 123
17815 123
17816 123
17817 123
17818 123
17819 123
17820 123
17821 123
17822 123
17824 123
17825 123
17826 123
17827 123
17828 123
17829 123
17830 123
17831 123
17832 123
17833 123
17841 123
17925 125
17926 125
17927 125
17928 125
17930 125
17937 125
17938 125
17939 125
17940 125
17941 125
17942 125
17943 125
17944 125
17945 125
17947 125
17948 125
17951 125
17952 125
17953 125
17954 125
17955 125
17956 125
17957 125
17958 125
17959 125
17960 125
17961 125
17962 125
17963 125
17964 125
17965 125
17965 127
17966 125
17966 127
17967 125
17967 127
17968 125
17968 127
17969 125
17969 127
17970 125
17970 127
17971 125
17971 127
17972 125
17972 127
17973 125
17973 127
17974 125
17974 127
17975 125
17975 127
17976 125
17976 127
17977 125
17978 125
17979 125
17980 125
17981 125
17981 127
17982 125
17982 127
17983 125
17983 127
17984 125
17984 127
17985 125
17985 127
17986 125
17986 127
17987 125
17987 127
17988 125
17988 127
17989 125
17989 127
17990 125
17991 125
17992 125
17993 125
17994 125
17995 125
17996 125
17997 125
17998 125
17999 125
18000 125
18001 125
18002 125
18003 125
18005 125
18006 125
18007 125
18008 125
18010 125
18018 125
18026 129
18122 131
18123 131
18124 131
18125 131
18126 131
18127 131
18128 131
18129 131
18130 131
18131 131
18132 131
18133 131
18134 131
18135 131
18136 131
18137 131
18138 131
18139 131
18140 131
18141 131
18142 131
18143 131
18144 131
18145 131
18146 131
18147 131
18194 132
18195 132
18196 132
18197 132
18198 132
18199 132
18200 132
18201 132
18202 132
18203 132
18204 132
18205 132
18206 132
18408 134
18409 134
18410 134
18411 134
18412 134
18413 134
18414 134
18415 134
18416 134
18417 134
18418 134
18419 134
18420 134
18421 134
18422 134
18440 134
18444 134
18445 134
18446 134
18447 134
18454 134
18455 134
18456 134
18457 134
18458 134
18459 134
18460 134
18461 134
18462 134
18463 134
18464 134
18465 134
18466 134
18467 134
18468 134
18469 134
18470 134
18471 134
18472 134
18473 134
18474 134
18475 134
18476 134
18477 134
18478 134
18479 134
18480 134
18481 134
18482 134
18483 134
18484 134
18485 134
18486 134
18487 134
18488 134
18489 134
18491 134
18492 134
18498 134
18499 134
18501 134
18502 134
18508 134
18509 134
18510 134
18511 134
18512 134
18513 134
18514 134
18515 134
18516 134
18517 134
18518 134
18519 134
18520 134
18521 134
18522 134
18523 134
18524 134
18525 134
18526 134
18527 134
18528 134
18529 134
18530 134
18531 134
18531 135
18532 134
18533 134
18534 134
18535 134
18536 134
18537 134
18538 134
18539 134
18540 134
18541 134
18542 134
18543 134
18544 134
18545 134
18546 134
18547 134
18548 134
18549 134
18550 134
18551 134
18552 134
18553 134
18554 134
18555 134
18556 134
18557 134
18558 134
18559 134
18560 134
18561 134
18562 134
18563 134
18564 134
18565 134
18566 134
18567 134
18568 134
18569 134
18570 134
18571 134
18572 134
18573 134
18574 134
18575 134
18576 134
18577 134
18578 134
18579 134
18580 134
18581 134
18582 134
18583 134
18584 134
18585 134
18586 134
18587 134
18588 134
18589 134
18590 134
18591 134
18592 134
18593 134
18594 134
18595 134
18596 134
18597 134
18598 134
18599 134
18600 134
18601 134
18602 134
18603 134
18604 134
18605 134
18606 134
18607 134
18608 134
18609 134
18610 134
18611 134
18612 134
18613 134
18614 134
18615 134
18616 134
18617 134
18618 134
18619 134
18620 134
18621 134
18622 134
18623 134
18624 134
18625 134
18712 137
18722 137
18723 137
18724 137
18725 137
18726 137
18727 137
18728 137
18734 137
18735 137
18736 137
18737 137
18738 137
18739 137
18740 137
18741 137
18758 137
18759 137
18760 137
18771 137
18772 137
18773 137
18774 137
18775 137
18776 137
18777 137
18778 137
18779 137
18780 137
18781 137
18782 137
18783 137
18784 137
18785 137
18786 137
18787 137
18788 137
18826 138
18827 138
18828 138
18861 139
18862 139
18863 139
18864 139
18865 139
18866 139
18867 139
19163 142
19164 142
19165 142
19166 142
19167 142
19168 142
19169 142
19170 142
19171 142
19172 142
19295 144
19296 144
19297 144
19298 144
19299 144
19300 144
19301 144
19302 144
19303 144
19304 144
19305 144
19306 144
19307 144
19308 144
19309 144
19310 144
19311 144
19312 144
19313 144
19314 144
19315 144
19316 144
19317 144
19318 144
19379 145
19380 145
19384 145
19385 145
19610 146
19611 146
19612 146
19613 146
19614 146
19615 146
19616 146
19617 146
19618 146
19619 146
19620 146
19621 146
19622 146
19623 146
19624 146
19625 146
19626 146
19627 146
19628 146
19629 146
19630 146
19631 146
19632 146
19633 146
19634 146
19635 146
19636 146
19637 146
19638 146
19639 146
19640 146
19641 146
19642 146
19643 146
19644 146
19645 146
19646 146
19647 146
19648 146
19649 146
19650 146
19663 146
19664 146
19665 146
19666 146
19667 146
19668 146
19674 146
19675 146
19677 146
19678 146
19680 146
19681 146
19682 146
19683 146
19684 146
19685 146
19694 147
19695 147
19696 147
19697 147
19698 147
19699 147
19700 147
19701 147
19702 147
19703 147
19704 147
19706 147
19707 147
19708 147
19709 147
19710 147
19711 147
19712 147
19713 147
19714 147
19715 147
19716 147
19717 147
19718 147
19719 147
19720 147
19721 147
19722 147
19723 147
19724 147
19725 147
19726 147
19727 147
19728 147
19729 147
19730 147
19731 147
19732 147
19733 147
19734 147
19735 147
19736 147
19737 147
19738 147
19739 147
19740 147
19741 147
19742 147
19743 147
19744 147
19745 147
19746 147
19747 147
19748 147
19749 147
19750 147
19751 147
19752 147
19753 147
19754 147
19755 147
19756 147
19757 147
19758 147
19759 147
19760 147
19761 147
19762 147
19763 147
19764 147
19765 147
19766 147
19767 147
19768 147
19769 147
19770 147
19771 147
19772 147
19773 147
19774 147
19775 147
19776 147
19777 147
19778 147
19779 147
19780 147
19781 147
19782 147
19783 147
19784 147
19785 147
20030 149
20031 149
20032 149
20033 149
20034 149
20035 149
20036 149
20037 149
20038 149
20039 149
20040 149
20041 149
20042 149
20043 149
20044 149
20045 149
20046 149
20047 149
20048 149
20049 149
20050 149
20051 149
20052 149
20053 149
20054 149
20055 149
20056 149
20057 149
20058 149
20059 149
20060 149
20082 149
20086 149
20087 149
20088 149
20089 149
20090 149
20091 149
20092 149
20093 149
20094 149
20096 149
20097 149
20101 149
20179 150
20184 150
20185 150
20190 150
20191 150
20195 150
20196 150
20197 150
