228 1
229 1
230 1
231 1
232 1
233 1
234 1
235 1
236 1
237 1
238 1
239 1
240 1
241 1
242 1
243 1
244 1
245 1
246 1
247 1
248 1
249 1
250 1
251 1
252 1
253 1
254 1
255 1
256 1
257 1
258 1
259 1
260 1
261 1
262 1
263 1
264 1
265 1
266 1
267 1
268 1
269 1
270 1
271 1
272 1
273 1
274 1
275 1
276 1
277 1
278 1
279 1
280 1
281 1
282 1
283 1
284 1
285 1
286 1
287 1
288 1
289 1
290 1
291 1
292 1
293 1
294 1
295 1
296 1
297 1
298 1
299 1
300 1
301 1
302 1
303 1
304 1
305 1
306 1
307 1
308 1
309 1
310 1
311 1
312 1
313 1
314 1
315 1
316 1
317 1
318 1
319 1
320 1
321 1
322 1
323 1
324 1
325 1
326 1
327 1
328 1
329 1
330 1
331 1
332 1
333 1
334 1
335 1
336 1
337 1
338 1
339 1
340 1
341 1
342 1
343 1
344 1
345 1
346 1
347 1
348 1
349 1
350 1
351 1
352 1
353 1
354 1
355 1
356 1
357 1
358 1
359 1
360 1
361 1
362 1
363 1
364 1
365 1
366 1
367 1
368 1
369 1
370 1
371 1
372 1
652 2
665 2
666 2
667 2
668 2
669 2
670 2
671 2
672 2
673 2
674 2
675 2
676 2
677 2
678 2
679 2
680 2
681 2
682 2
683 2
684 2
685 2
686 2
687 2
688 2
689 2
690 2
691 2
692 2
693 2
694 2
695 2
696 2
697 2
698 2
699 2
700 2
701 2
702 2
703 2
704 2
705 2
706 2
707 2
708 2
709 2
710 2
711 2
712 2
713 2
714 2
715 2
716 2
717 2
718 2
719 2
720 2
721 2
722 2
723 2
724 2
725 2
726 2
727 2
728 2
729 2
730 2
731 2
732 2
733 2
734 2
735 2
736 2
737 2
738 2
739 2
740 2
741 2
742 2
743 2
744 2
745 2
746 2
747 2
748 2
749 2
750 2
751 2
752 2
753 2
754 2
755 2
756 2
757 2
758 2
759 2
760 2
761 2
762 2
763 2
764 2
765 2
766 2
767 2
768 2
769 2
770 2
771 2
772 2
773 2
774 2
775 2
776 2
777 2
778 2
779 2
780 2
781 2
782 2
783 2
784 2
785 2
786 2
787 2
788 2
789 2
790 2
791 2
792 2
793 2
794 2
795 2
796 2
797 2
798 2
799 2
800 2
801 2
802 2
803 2
804 2
805 2
806 2
807 2
808 2
809 2
810 2
811 2
812 2
813 2
814 2
815 2
816 2
817 2
818 2
819 2
820 2
821 2
822 2
823 2
824 2
825 2
826 2
827 2
828 2
829 2
830 2
831 2
832 2
833 2
834 2
835 2
836 2
837 2
838 2
839 2
840 2
841 2
842 2
843 2
844 2
845 2
846 2
847 2
848 2
849 2
850 2
851 2
852 2
853 2
854 2
855 2
856 2
857 2
858 2
859 2
860 2
861 2
862 2
863 2
864 2
865 2
866 2
867 2
868 2
869 2
870 2
871 2
872 2
873 2
874 2
875 2
876 2
877 2
878 2
879 2
880 2
881 2
882 2
883 2
884 2
885 2
886 2
887 2
888 2
889 2
890 2
891 2
892 2
893 2
894 2
895 2
896 2
897 2
898 2
899 2
900 2
901 2
902 2
903 2
904 2
905 2
906 2
907 2
908 2
909 2
910 2
911 2
912 2
913 2
914 2
915 2
916 2
917 2
918 2
919 2
920 2
921 2
922 2
923 2
924 2
925 2
926 2
927 2
928 2
929 2
930 2
931 2
932 2
933 2
934 2
935 2
936 2
937 2
938 2
939 2
940 2
941 2
942 2
943 2
944 2
945 2
946 2
947 2
948 2
949 2
950 2
951 2
952 2
953 2
954 2
955 2
956 2
957 2
1517 3
1518 3
1519 3
1520 3
1521 3
1522 3
1526 3
1530 3
1531 3
1532 3
1533 3
1534 3
1537 3
1538 3
1539 3
1550 3
1551 3
1552 3
1553 3
1554 3
1555 3
1556 3
1557 3
2043 4
2044 4
2045 4
2046 4
2047 4
2048 4
2049 4
2050 4
2061 4
2062 4
2687 5
2688 5
2689 5
2690 5
2691 5
2692 5
3855 6
3856 6
3857 6
3858 6
3903 7
3904 7
3905 7
3906 7
3907 7
3908 7
3909 7
3910 7
3911 7
3912 7
3913 7
3914 7
3915 7
3916 7
3917 7
3918 7
3919 7
3920 7
3921 7
3922 7
3923 7
3927 7
3928 7
3929 7
3930 7
3931 7
3932 7
3933 7
3934 7
3935 7
3936 7
3937 7
3938 7
3939 7
3940 7
3941 7
3942 7
3943 7
3944 7
3945 7
3946 7
3947 7
3948 7
3949 7
3950 7
3951 7
3952 7
3953 7
3954 7
3955 7
3956 7
3957 7
3958 7
3959 7
3960 7
3961 7
3962 7
3963 7
3964 7
3965 7
3966 7
3967 7
3968 7
3969 7
3970 7
3971 7
3972 7
3973 7
3974 7
3975 7
3976 7
3977 7
3978 7
3979 7
3980 7
3981 7
3982 7
3983 7
3984 7
3985 7
3986 7
3987 7
3988 7
3989 7
3990 7
3991 7
3992 7
3993 7
3994 7
3995 7
3996 7
3997 7
3998 7
3999 7
4000 7
4010 7
4011 7
4016 7
4017 7
4018 7
4019 7
4020 7
4021 7
4022 7
4023 7
4024 7
4304 13
4311 13
4312 13
4759 16
4760 16
4761 16
4762 16
4763 16
4764 16
5386 18
5387 18
5388 18
5389 18
5390 18
5391 18
5392 18
5393 18
5394 18
5395 18
5396 18
5397 18
5398 18
5399 18
5404 18
5405 18
5406 18
5407 18
5408 18
5409 18
5410 18
5411 18
5412 18
5413 18
5414 18
5415 18
5416 18
5417 18
5418 18
5419 18
5420 18
5420 20
5421 18
5421 20
5422 18
5423 20
5424 20
5425 20
5426 20
5427 20
5428 20
5429 20
5430 20
5431 20
5432 20
5433 20
5434 20
5435 20
5436 20
5437 20
5438 20
5439 20
5440 20
5443 20
5444 20
5445 20
5446 20
5447 20
5448 20
5449 20
5450 20
5451 20
5452 20
5453 20
5454 20
5455 20
5456 20
5457 20
5458 20
5459 20
5460 20
5461 20
5462 20
5463 20
5464 20
5465 20
5466 20
5467 20
5468 20
5469 20
5470 20
5471 20
5472 20
5547 21
5548 21
5549 21
5550 21
5551 21
5552 21
5553 21
5554 21
5555 21
5556 21
5557 21
5558 21
5559 21
5560 21
5604 22
5605 22
5606 22
5607 22
5608 22
5609 22
5610 22
5611 22
5612 22
5613 22
5614 22
5615 22
5616 22
5617 22
5618 22
5619 22
5620 22
5621 22
5622 22
5623 22
5624 22
5624 23
5625 22
5625 23
5626 22
5626 23
5627 22
5627 23
5628 22
5628 23
5629 22
5629 23
5630 22
5630 23
5631 22
5631 23
5632 22
5632 23
5633 22
5633 23
5634 22
5635 22
5636 22
5637 22
5637 23
5638 22
5639 22
5639 23
5640 22
5641 22
5642 22
5643 22
5644 22
5711 24
5712 24
5713 24
5718 24
5719 24
5720 24
5721 24
5722 24
5723 24
5724 24
5725 24
5726 24
5727 24
5728 24
5729 24
5730 24
5731 24
5732 24
5733 24
5734 24
5735 24
5736 24
5737 24
5738 24
5739 24
5740 24
5741 24
5745 24
5746 24
5747 24
5748 24
5749 24
5750 24
5751 24
5752 24
5753 24
5754 24
5755 24
5756 24
5757 24
5758 24
5759 24
5760 24
5948 27
5949 27
5950 27
5951 27
5952 27
5953 27
5954 27
5955 27
5956 27
5957 27
5958 27
5959 27
6590 28
6598 28
6599 28
6600 28
6601 28
6602 28
6603 28
6604 28
6605 28
6606 28
6607 28
6608 28
6609 28
6610 28
6611 28
6612 28
6613 28
6614 28
6615 28
6616 28
6617 28
6618 28
6619 28
6620 28
6621 28
6622 28
6623 28
6623 30
6624 28
6624 30
6625 28
6625 30
6626 28
6626 30
6627 28
6627 30
6628 28
6628 30
6629 28
6629 30
6630 28
6630 30
6631 28
6632 28
6633 28
6634 28
6634 30
6635 28
6635 30
6636 28
6636 30
6637 28
6637 30
6638 28
6638 30
6639 28
6639 30
6640 28
6640 30
6641 28
6642 28
6643 28
6644 28
6644 30
6645 28
6646 28
6646 30
6647 28
6648 28
6649 28
6650 28
6651 28
6652 28
6653 28
6654 28
6655 28
6656 28
6657 28
6658 28
6659 28
6816 32
6817 32
6818 32
6819 32
6820 32
6821 32
6822 32
6823 32
6824 32
6825 32
6826 32
6827 32
6828 32
6829 32
6830 32
6831 32
6832 32
6833 32
6834 32
6835 32
6836 32
6837 32
6838 32
6839 32
6840 32
6841 32
6842 32
6843 32
6844 32
6845 32
6846 32
6847 32
6848 32
6849 32
6850 32
6851 32
6852 32
6853 32
6854 32
6855 32
6856 32
6857 32
6858 32
6859 32
6860 32
6861 32
6862 32
6863 32
6864 32
6865 32
6866 32
6867 32
6868 32
6869 32
6870 32
6871 32
6872 32
6873 32
6874 32
6875 32
6876 32
6877 32
6878 32
6879 32
6880 32
6881 32
6882 32
6883 32
6884 32
6885 32
6886 32
6887 32
6888 32
6889 32
6890 32
6891 32
6892 32
6893 32
6894 32
6895 32
6896 32
6897 32
6898 32
6899 32
6900 32
6901 32
6902 32
6903 32
6904 32
6905 32
6906 32
6907 32
6908 32
6909 32
6910 32
6911 32
6912 32
6913 32
6914 32
6915 32
6916 32
6917 32
6918 32
6919 32
6920 32
6921 32
6922 32
6923 32
6924 32
6925 32
6926 32
6927 32
6928 32
6929 32
6930 32
6931 32
6932 32
6933 32
6934 32
6935 32
6936 32
6937 32
6938 32
6939 32
6940 32
6941 32
6942 32
6943 32
6944 32
6945 32
6946 32
6947 32
6948 32
6949 32
6950 32
6951 32
6952 32
6953 32
6954 32
6955 32
6956 32
6957 32
6958 32
6959 32
6960 32
6961 32
6962 32
6963 32
6964 32
6965 32
6966 32
6967 32
6968 32
6969 32
6970 32
6971 32
6972 32
6973 32
6974 32
6975 32
6976 32
6977 32
6978 32
6979 32
6980 32
6981 32
6982 32
6983 32
6984 32
6985 32
6986 32
6987 32
6988 32
6989 32
6990 32
6991 32
6992 32
6993 32
6994 32
6995 32
6996 32
6997 32
6998 32
6999 32
7000 32
7001 32
7002 32
7003 32
7004 32
7005 32
7006 32
7007 32
7008 32
7009 32
7010 32
7011 32
7012 32
7013 32
7014 32
7015 32
7016 32
7017 32
7018 32
7019 32
7020 32
7021 32
7022 32
7023 32
7024 32
7025 32
7026 32
7027 32
7028 32
7029 32
7030 32
7031 32
7032 32
7033 32
7034 32
7035 32
7036 32
7037 32
7038 32
7039 32
7040 32
7041 32
7042 32
7043 32
7044 32
7059 32
7060 32
7285 33
8120 34
8150 34
8151 34
8152 34
8153 34
8154 34
8155 34
8156 34
8157 34
8158 34
8159 34
8160 34
8161 34
8162 34
8163 34
8164 34
8165 34
8166 34
8167 34
8170 34
8171 34
8193 34
8194 34
8195 34
8196 34
8197 34
8198 34
8199 34
8200 34
8201 34
8205 34
8206 34
8207 34
8208 34
8209 34
8210 34
8211 34
8212 34
8213 34
8214 34
8215 34
8216 34
8217 34
8218 34
8219 34
8220 34
8221 34
8222 34
8223 34
8224 34
8225 34
8226 34
8227 34
8228 34
8229 34
8230 34
8231 34
8232 34
8233 34
8234 34
8235 34
8236 34
8237 34
8238 34
8239 34
8240 34
8241 34
8242 34
8243 34
8244 34
8369 35
8370 35
8371 35
8372 35
8373 35
8374 35
8375 35
8376 35
8377 35
8378 35
8379 35
8380 35
8381 35
8382 35
8383 35
8384 35
8385 35
8386 35
8387 35
8388 35
8389 35
8390 35
8391 35
8392 35
8393 35
8394 35
8395 35
8396 35
8397 35
8398 35
8399 35
8400 35
8401 35
8402 35
8403 35
8404 35
8405 35
8406 35
8407 35
8408 35
8409 35
8410 35
8411 35
8412 35
8413 35
8414 35
8415 35
8416 35
8417 35
8418 35
8419 35
8420 35
8421 35
8422 35
9837 36
11335 40
11336 40
11338 40
11339 40
11466 41
11467 41
11476 41
12977 42
12978 42
12979 42
12980 42
12981 42
12982 42
12983 42
12984 42
12985 42
12986 42
12987 42
12988 42
12989 42
12990 42
12991 42
12993 42
12994 42
12995 42
12996 42
12997 42
12998 42
12999 42
13000 42
13001 42
13002 42
13003 42
13004 42
13005 42
13006 42
13007 42
13320 44
13321 44
13322 44
13327 44
13328 44
14271 45
14272 45
14273 45
14274 45
14275 45
14276 45
14277 45
14278 45
14279 45
14281 45
14282 45
14283 45
14284 45
14285 45
14286 45
14287 45
14288 45
14289 45
14290 45
14291 45
14292 45
14293 45
14294 45
14301 45
14302 45
14303 45
14304 45
14305 45
14306 45
14307 45
14308 45
14315 45
14316 45
14317 45
14321 45
14325 45
14326 45
14327 45
14328 45
14329 45
14330 45
14396 46
14397 46
15127 48
15128 48
15129 48
15130 48
15131 48
15132 48
15133 48
15134 48
15135 48
15136 48
15137 48
15138 48
15139 48
15140 48
15141 48
15142 48
15143 48
15144 48
15145 48
15146 48
15147 48
15148 48
15149 48
15150 48
15151 48
15152 48
15153 48
15154 48
15155 48
15156 48
15157 48
15158 48
15159 48
15160 48
15161 48
15162 48
15163 48
15164 48
15165 48
15166 48
15167 48
15168 48
15169 48
15170 48
15171 48
15172 48
15173 48
15174 48
15175 48
15176 48
15177 48
15178 48
15179 48
15180 48
15181 48
15182 48
15183 48
15184 48
15185 48
15186 48
15187 48
15188 48
15189 48
15190 48
15191 48
15192 48
15193 48
15194 48
15195 48
15196 48
15197 48
15198 48
15199 48
15200 48
15201 48
15202 48
15203 48
15204 48
15205 48
15206 48
15207 48
15208 48
15220 48
15221 48
15222 48
15230 48
15233 48
15234 48
15235 48
15236 48
15237 48
15238 48
15239 48
15240 48
15241 48
15242 48
15243 48
15244 48
15245 48
15246 48
15247 48
15248 48
15249 48
15250 48
15251 48
15252 48
15253 48
15254 48
15255 48
15256 48
15257 48
15258 48
15259 48
15260 48
15261 48
15262 48
15263 48
15264 48
15265 48
15266 48
15267 48
15268 48
15269 48
15270 48
15271 48
15272 48
15273 48
15274 48
15275 48
15276 48
15277 48
15278 48
15279 48
15280 48
15281 48
15282 48
15283 48
15284 48
15285 48
15286 48
15287 48
15288 48
15289 48
15291 48
15299 48
15300 48
15301 48
15302 48
15303 48
15304 48
15305 48
15314 48
15315 48
15317 48
15318 48
15319 48
15320 48
15321 48
15322 48
15323 48
15324 48
15325 48
15326 48
15327 48
15328 48
15329 48
15330 48
15331 48
15332 48
15333 48
15334 48
15335 48
15336 48
15337 48
15338 48
15339 48
15340 48
15341 48
15342 48
15343 48
15344 48
15345 48
15346 48
15347 48
15348 48
15349 48
15350 48
15351 48
15352 48
15353 48
15354 48
15355 48
15356 48
15357 48
15358 48
15359 48
15360 48
15361 48
15362 48
15363 48
15364 48
15423 49
15429 49
16699 52
16700 52
16701 52
16702 52
16703 52
16704 52
16705 52
16706 52
16707 52
16708 52
16709 52
16710 52
16711 52
16712 52
16713 52
16715 52
17109 55
17111 55
17112 55
17127 55
17128 55
17131 55
17132 55
17133 55
17134 55
17135 55
17136 55
17137 55
17138 55
17139 55
17140 55
17141 55
17142 55
17143 55
17144 55
17145 55
17146 55
17147 55
17148 55
17149 55
17150 55
17151 55
17152 55
17153 55
17154 55
17155 55
17156 55
17157 55
17158 55
17159 55
17160 55
17161 55
17162 55
17163 55
17164 55
17165 55
17166 55
17167 55
17168 55
17169 55
17170 55
17171 55
17172 55
17173 55
17174 55
17175 55
17176 55
17177 55
17178 55
17179 55
17180 55
17181 55
17182 55
17183 55
17184 55
17185 55
17186 55
17187 55
17188 55
17189 55
17190 55
17191 55
17192 55
17193 55
17194 55
17195 55
17196 55
17197 55
17198 55
17199 55
17200 55
17201 55
17202 55
17203 55
17204 55
17205 55
17206 55
17207 55
17208 55
17209 55
17210 55
17211 55
17212 55
17213 55
17214 55
17215 55
17216 55
17217 55
17218 55
17219 55
17220 55
17221 55
17222 55
17223 55
17224 55
17225 55
17226 55
17227 55
17228 55
17229 55
17230 55
17231 55
17232 55
17233 55
17234 55
17235 55
17236 55
17237 55
17238 55
17239 55
17240 55
17241 55
17242 55
17243 55
17244 55
17245 55
17246 55
17247 55
17248 55
17249 55
17250 55
17251 55
17252 55
17253 55
17254 55
17255 55
17256 55
17257 55
17258 55
17259 55
17260 55
17261 55
17262 55
17263 55
17264 55
17265 55
17266 55
17267 55
17268 55
17269 55
17270 55
17271 55
17272 55
17273 55
17274 55
17275 55
17276 55
17277 55
17278 55
17279 55
17280 55
17281 55
17282 55
17283 55
17284 55
17285 55
17286 55
17287 55
17288 55
17289 55
17290 55
17291 55
17292 55
17293 55
17294 55
17295 55
17296 55
17297 55
17298 55
17299 55
17300 55
17301 55
17302 55
17303 55
17304 55
17305 55
17306 55
17307 55
17308 55
17309 55
17310 55
17311 55
17312 55
17313 55
17314 55
17315 55
17316 55
17317 55
17796 59
17797 59
17815 59
17818 59
17819 59
17820 59
17821 59
17822 59
17825 59
17826 59
17827 59
17828 59
17829 59
17832 59
17833 59
17967 61
17968 61
17972 61
18122 67
18123 67
18124 67
18125 67
18131 67
18132 67
18135 67
18146 67
18147 67
18196 68
18201 68
18203 68
18410 69
18411 69
18412 69
18413 69
18414 69
18415 69
18417 69
18418 69
18419 69
18420 69
18421 69
18459 70
18460 70
18461 70
18462 70
18463 70
18464 70
18465 70
18466 70
18467 70
18468 70
18469 70
18470 70
18471 70
18472 70
18473 70
18474 70
18475 70
18476 70
18477 70
18478 70
18479 70
18480 70
18481 70
18482 70
18512 70
18513 70
18514 70
18515 70
18516 70
18517 70
18518 70
18519 70
18520 70
18521 70
18523 70
18524 70
18525 70
18526 70
18527 70
18528 70
18529 70
18530 70
18531 70
18532 70
18533 70
18534 70
18535 70
18536 70
18537 70
18538 70
18539 70
18540 70
18541 70
18542 70
18543 70
18544 70
18546 70
18547 70
18548 70
18549 70
18550 70
18551 70
18552 70
18553 70
18554 70
18555 70
18556 70
18557 70
18558 70
18559 70
18560 70
18561 70
18562 70
18563 70
18564 70
18565 70
18566 70
18567 70
18568 70
18569 70
18570 70
18571 70
18572 70
18573 70
18574 70
18575 70
18576 70
18577 70
18578 70
18579 70
18580 70
18581 70
18582 70
18583 70
18584 70
18585 70
18586 70
18587 70
18588 70
18589 70
18590 70
18591 70
18592 70
18593 70
18594 70
18595 70
18596 70
18597 70
18598 70
18599 70
18600 70
18601 70
18602 70
18603 70
18604 70
18605 70
18606 70
18607 70
18608 70
18609 70
18610 70
18611 70
18612 70
18613 70
18614 70
18615 70
18616 70
18617 70
18618 70
18619 70
18620 70
18621 70
18622 70
18623 70
18624 70
18736 72
18737 72
18738 72
18739 72
18758 72
18759 72
18862 73
18863 73
19296 74
19297 74
19298 74
19302 74
19303 74
19304 74
19305 74
19306 74
19307 74
19308 74
19310 74
19311 74
19312 74
19613 75
19617 75
19619 75
19620 75
19622 75
19633 75
19634 75
19635 75
19637 75
19699 76
19709 76
19710 76
19711 76
19712 76
19713 76
19714 76
19715 76
19716 76
19717 76
19718 76
19719 76
19720 76
19721 76
19722 76
19723 76
19724 76
19725 76
19726 76
19727 76
19728 76
19729 76
19730 76
19731 76
19732 76
19733 76
19734 76
19735 76
19736 76
19737 76
19738 76
19739 76
19740 76
19741 76
19742 76
19743 76
19744 76
19745 76
19746 76
19747 76
19748 76
19749 76
19750 76
19751 76
19752 76
19753 76
19754 76
19755 76
19756 76
19757 76
19758 76
19759 76
19760 76
19761 76
19762 76
19763 76
19764 76
19765 76
19766 76
19767 76
19768 76
19769 76
19770 76
19771 76
19772 76
19773 76
19774 76
19775 76
19776 76
19777 76
19778 76
19779 76
19780 76
19781 76
19782 76
19783 76
19784 76
19785 76
20030 77
20031 77
20032 77
20033 77
20034 77
20035 77
20036 77
20037 77
20038 77
20039 77
20040 77
20041 77
20042 77
20043 77
20044 77
20045 77
20046 77
20047 77
20048 77
20049 77
20050 77
20051 77
20052 77
20053 77
20054 77
20055 77
20056 77
20057 77
20058 77
20059 77
20092 78
20093 78
